KM407009.1_nyssomyia_umbratilis_isolate_FM4N01	1	1	3	4	1	2	4	4	4	1	1	1	4	1	4	4	1	3	1	4	4	1	1	3	1	1	4	2	1	3	2	2	2	4	1	3	2	1	1	1	1	3	1	4	4	1	4	4	1	1	1	1	1	1	1	1	4	1	4	3	1	1	4	1	4	2	2	1	4	1	1	4	1	4	4	1	1	3	3	4	3	3	4	1	1	1	3	3	1	4	4	1	1	3	4	1	1	4	3	1	4	2	2	1	1	1	4	4	1	4	1	1	4	3	3	4	3	2	4	2	2	1	3	4	1	4	1	4	3	2	4	1	1	1	2	2	1	2	3	4	4	1	4	4	4	1	4	4	1	4	1	4	4	3	4	1	1	1	1	3	4	2	1	1	1	1	4	2	2	1	2	2	1	1	2	1	1	1	4	1	2	1	1	1	4	1	1	4	1	1	4	4	2	4	4	3	4	4	3	4	4	1	4	3	1	4	3	4	4	4	2	1	3	3	4	3	2	4	3	3	4	4	2	4	3	3	4	1	3	4	4	2	1	3	1	4	1	4	1	2	2	2	2	2	4	1	1	4	1	2	4
KM407010.1_nyssomyia_umbratilis_isolate_FM4N02	1	1	3	4	1	2	4	4	4	1	1	1	4	1	4	4	1	3	1	4	4	1	1	3	1	1	4	2	1	3	2	2	2	4	1	3	2	1	1	1	1	3	1	4	4	1	4	4	1	1	1	1	1	1	1	1	4	1	4	3	1	1	4	1	4	2	2	1	4	1	1	4	1	4	4	1	1	3	3	4	3	3	4	1	1	1	3	3	1	4	4	1	1	3	4	1	1	4	3	1	3	2	2	1	1	1	4	4	1	4	1	1	4	3	3	4	3	2	4	2	2	1	3	4	1	4	1	4	3	2	4	1	1	1	2	2	1	2	3	4	4	1	4	4	4	1	4	4	1	4	1	4	4	3	4	1	1	1	1	3	4	2	1	1	1	1	4	2	2	1	2	2	1	1	2	1	1	1	4	1	2	1	1	1	4	1	1	4	1	1	4	4	2	4	4	3	4	4	3	4	4	1	4	3	1	4	3	4	4	4	2	1	3	3	4	3	2	4	3	3	4	4	2	4	3	3	4	1	3	4	4	2	1	3	1	4	1	4	1	2	2	2	2	2	4	1	1	4	1	2	4
KM407011.1_nyssomyia_umbratilis_isolate_FM4N03	1	1	3	4	1	2	4	4	4	1	1	1	4	1	4	4	1	3	1	4	4	1	1	3	1	1	4	2	1	3	2	2	2	4	1	3	2	1	1	1	1	3	1	4	4	1	4	4	1	1	1	1	1	1	1	1	4	1	4	3	1	1	4	1	4	2	2	1	4	1	1	4	1	4	4	1	1	3	3	4	3	3	4	1	1	1	3	3	1	4	4	1	1	3	4	1	1	4	3	1	3	2	2	1	1	1	4	4	1	4	1	1	4	3	3	4	3	2	4	2	2	1	3	4	1	4	1	4	3	2	4	1	1	1	2	2	1	2	3	4	4	1	4	4	4	1	4	4	1	4	1	4	4	3	4	1	1	1	1	3	4	2	1	1	1	1	4	2	2	1	2	2	1	1	2	1	1	1	4	1	2	1	1	1	4	1	1	4	1	1	4	4	2	4	4	3	4	4	3	4	4	1	4	3	1	4	3	4	4	4	2	1	3	3	4	3	2	4	3	3	4	4	2	4	3	3	4	1	3	4	4	2	1	3	1	4	1	4	1	2	2	2	2	2	4	1	1	4	1	2	4
KM407012.1_nyssomyia_umbratilis_isolate_FM4N04	1	1	3	4	1	2	4	4	4	1	1	1	4	1	4	4	1	3	1	4	4	1	1	3	1	1	4	2	1	3	2	2	2	4	1	3	2	1	1	1	1	3	1	4	4	1	4	4	1	1	1	1	1	1	1	1	4	1	4	3	1	1	4	1	4	2	2	1	4	1	1	4	1	4	4	1	1	3	3	4	3	3	4	1	1	1	3	3	1	4	4	1	1	3	4	1	1	4	3	1	3	2	2	1	1	1	4	4	1	4	1	1	4	3	3	4	3	2	4	2	2	1	3	4	1	4	1	4	3	2	4	1	1	1	2	2	1	2	3	4	4	1	4	4	4	1	4	4	1	4	1	4	4	3	4	1	1	1	1	3	4	2	1	1	1	1	4	2	2	1	2	2	1	1	2	1	1	1	4	1	2	1	1	1	4	1	1	4	1	1	4	4	2	4	4	3	4	4	3	4	4	1	4	3	1	4	3	4	4	4	2	1	3	3	4	3	2	4	3	3	4	4	2	4	3	3	4	1	3	4	4	2	1	3	1	4	1	4	1	2	2	2	2	2	4	1	1	4	1	2	4
KM407013.1_nyssomyia_umbratilis_isolate_FM4N05	1	1	3	4	1	2	4	4	4	1	1	1	4	1	4	4	1	3	1	4	4	1	1	3	1	1	4	2	1	3	2	2	2	4	1	3	2	1	1	1	1	3	1	4	4	1	4	4	1	1	1	1	1	1	1	1	4	1	4	3	1	1	4	1	4	2	2	1	4	1	1	4	1	4	4	1	1	3	3	4	3	3	4	1	1	1	3	3	1	4	4	1	1	3	4	1	1	4	3	1	3	2	2	1	1	1	4	4	1	4	1	1	4	3	3	4	3	2	4	2	2	1	3	4	1	4	1	4	3	2	4	1	1	1	2	2	1	2	3	4	4	1	4	4	4	1	4	4	1	4	1	4	4	3	4	1	1	1	1	3	4	2	1	1	1	1	4	2	2	1	2	2	1	1	2	1	1	1	4	1	2	1	1	1	4	1	1	4	1	1	4	4	2	4	4	3	4	4	3	4	4	1	4	3	1	4	3	4	4	4	2	1	3	3	4	3	2	4	3	3	4	4	2	4	3	3	4	1	3	4	4	2	1	3	1	4	1	4	1	2	2	2	2	2	4	1	1	4	1	2	4
KM407014.1_nyssomyia_umbratilis_isolate_FM4N06	1	1	3	4	1	2	4	4	4	1	1	1	4	1	4	4	1	3	1	4	4	1	1	3	1	1	4	2	1	3	2	2	2	4	1	3	2	1	1	1	1	3	1	4	4	1	4	4	1	1	1	1	1	1	1	1	4	1	4	3	1	1	4	1	4	2	2	1	4	1	1	4	1	4	4	1	1	3	3	4	3	3	4	1	1	1	3	3	1	4	4	1	1	3	4	1	1	4	3	1	4	2	2	1	1	1	4	4	1	4	1	1	4	3	3	4	3	2	4	2	2	1	3	4	1	4	1	4	3	2	4	1	1	1	2	2	1	2	3	4	4	1	4	4	4	1	4	4	1	4	1	4	4	3	4	1	1	1	1	3	4	2	1	1	1	1	4	2	2	1	2	2	1	1	2	1	1	1	4	1	2	1	1	1	4	1	1	4	1	1	4	4	2	4	4	3	4	4	3	4	4	1	4	3	1	4	3	4	4	4	2	1	3	3	4	3	2	4	3	3	4	4	2	4	3	3	4	1	3	4	4	2	1	3	1	4	1	4	1	2	2	2	2	2	4	1	1	4	1	2	4
KM407015.1_nyssomyia_umbratilis_isolate_FM4N07	1	1	3	4	1	2	4	4	4	1	1	1	4	1	4	4	1	3	1	4	4	1	1	3	1	1	4	2	1	3	2	2	2	4	1	3	2	1	1	1	1	3	1	4	4	1	4	4	1	1	1	1	1	1	1	1	4	1	4	3	1	1	4	1	4	2	2	1	4	1	1	4	1	4	4	1	1	3	3	4	3	3	4	1	1	1	3	3	1	4	4	1	1	3	4	1	1	4	3	1	3	2	2	1	1	1	4	4	1	4	1	1	4	3	3	4	3	2	4	2	2	1	3	4	1	4	1	4	3	2	4	1	1	1	2	2	1	2	3	4	4	1	4	4	4	1	4	4	1	4	1	4	4	3	4	1	1	1	1	3	4	2	1	1	1	1	4	2	2	1	2	2	1	1	2	1	1	1	4	1	2	1	1	1	4	1	1	4	1	1	4	4	2	4	4	3	4	4	3	4	4	1	4	3	1	4	3	4	4	4	2	1	3	3	4	3	2	4	3	3	4	4	2	4	3	3	4	1	3	4	4	2	1	3	1	4	1	4	1	2	2	2	2	2	4	1	1	4	1	2	4
KM407016.1_nyssomyia_umbratilis_isolate_FM4N08	1	1	3	4	1	2	4	4	4	1	1	1	4	1	4	4	1	3	1	4	4	1	1	3	1	1	4	2	1	3	2	2	2	4	1	3	2	1	1	1	1	3	1	4	4	1	4	4	1	1	1	1	1	1	1	1	4	1	4	3	1	1	4	1	4	2	2	1	4	1	1	4	1	4	4	1	1	3	3	4	3	3	4	1	1	1	3	3	1	4	4	1	1	3	4	1	1	4	3	1	4	2	2	1	1	1	4	4	1	4	1	1	4	3	3	3	3	2	4	2	2	1	3	4	1	4	1	4	3	2	4	1	1	1	2	2	1	2	3	4	4	1	4	4	4	1	4	4	1	4	1	4	4	3	4	1	1	1	1	3	4	2	1	1	1	1	4	2	2	1	2	2	1	1	2	1	1	1	4	1	2	1	1	1	4	1	1	4	1	1	4	4	2	4	4	3	4	4	3	4	4	1	4	3	1	4	3	4	4	4	2	1	3	3	4	3	2	4	3	3	4	4	2	4	3	3	4	1	3	4	4	2	1	3	1	4	1	4	1	2	2	2	2	2	4	1	1	4	1	2	4
KM407017.1_nyssomyia_umbratilis_isolate_FM4N09	1	1	3	4	1	2	4	4	4	1	1	1	4	1	4	4	1	3	1	4	4	1	1	3	1	1	4	2	1	3	2	2	2	4	1	3	2	1	1	1	1	3	1	4	4	1	4	4	1	1	1	1	1	1	1	1	4	1	4	3	1	1	4	1	4	2	2	1	4	1	1	4	1	4	4	1	1	3	3	4	3	3	4	1	1	1	3	3	1	4	4	1	1	3	4	1	1	4	3	1	3	2	2	1	1	1	4	4	1	4	1	1	4	3	3	4	3	2	4	2	2	1	3	4	1	4	1	4	3	2	4	1	1	1	2	2	1	2	3	4	4	1	4	4	4	1	4	4	1	4	1	4	4	3	4	1	1	1	1	3	4	2	1	1	1	1	4	2	2	1	2	2	1	1	2	1	1	1	4	1	2	1	1	1	4	1	1	4	1	1	4	4	2	4	4	3	4	4	3	4	4	1	4	3	1	4	3	4	4	4	2	1	3	3	4	3	2	4	3	3	4	4	2	4	3	3	4	1	3	4	4	2	1	3	1	4	1	4	1	2	2	2	2	2	4	1	1	4	1	2	4
KM407018.1_nyssomyia_umbratilis_isolate_FM4N10	1	1	3	4	1	2	4	4	4	1	1	1	4	1	4	4	1	3	1	4	4	1	1	3	1	1	4	2	1	3	2	2	2	4	1	3	2	1	1	1	1	3	1	4	4	1	4	4	1	1	1	1	1	1	1	1	4	1	4	3	1	1	4	1	4	2	2	1	4	1	1	4	1	4	4	1	1	3	3	4	3	3	4	1	1	1	3	3	1	4	4	1	1	3	4	1	1	4	3	1	3	2	2	1	1	1	4	4	1	4	1	1	4	3	3	4	3	2	4	2	2	1	3	4	1	4	1	4	3	2	4	1	1	1	2	2	1	2	3	4	4	1	4	4	4	1	4	4	1	4	1	4	4	3	4	1	1	1	1	3	4	2	1	1	1	1	4	2	2	1	2	2	1	1	2	1	1	1	4	1	2	1	1	1	4	1	1	4	1	1	4	4	2	4	4	3	4	4	3	4	4	1	4	3	1	4	3	4	4	4	2	1	3	3	4	3	2	4	3	3	4	4	2	4	3	3	4	1	3	4	4	2	1	3	1	4	1	4	1	2	2	2	2	2	4	1	1	4	1	2	4
KM407019.1_nyssomyia_umbratilis_isolate_FM4N19	1	1	3	4	1	2	4	4	4	1	1	1	4	1	4	4	1	3	1	4	4	1	1	3	1	1	4	2	1	3	2	2	2	4	1	3	2	1	1	1	1	3	1	4	4	1	4	4	1	1	1	1	1	1	1	1	4	1	4	3	1	1	4	1	4	2	2	1	4	1	1	4	1	4	4	1	1	3	3	4	3	3	4	1	1	1	3	3	1	4	4	1	1	3	4	1	1	4	3	1	4	2	2	1	1	1	4	4	1	4	1	1	4	3	3	3	3	2	4	2	2	1	3	4	1	4	1	4	3	2	4	1	1	1	2	2	1	2	3	4	4	1	4	4	4	1	4	4	1	4	1	4	4	3	4	1	1	1	1	3	4	2	1	1	1	1	4	2	2	1	2	2	1	1	2	1	1	1	4	1	2	1	1	1	4	1	1	4	1	1	4	4	2	4	4	3	4	4	3	4	4	1	4	3	1	4	3	4	4	4	2	1	3	3	4	3	2	4	3	3	4	4	2	4	3	3	4	1	3	4	4	2	1	3	1	4	1	4	1	2	2	2	2	2	4	1	1	4	1	2	4
KM407020.1_nyssomyia_umbratilis_isolate_FM4N21	1	1	3	4	1	2	4	4	4	1	1	1	4	1	4	4	1	3	1	4	4	1	1	3	1	1	4	2	1	3	2	2	2	4	1	3	2	1	1	1	1	3	1	4	4	1	4	4	1	1	1	1	1	1	1	1	4	1	4	3	1	1	4	1	4	2	2	1	4	1	1	4	1	4	4	1	1	3	3	4	3	3	4	1	1	1	3	3	1	4	4	1	1	3	4	1	1	4	3	1	3	2	2	1	1	1	4	4	1	4	1	1	4	3	3	4	3	2	4	2	2	1	3	4	1	4	1	4	3	2	4	1	1	1	2	2	1	2	3	4	4	1	4	4	4	1	4	4	1	4	1	4	4	3	4	1	1	1	1	3	4	2	1	1	1	1	4	2	2	1	2	2	1	1	2	1	1	1	4	1	2	1	1	1	4	1	1	4	1	1	4	4	2	4	4	3	4	4	3	4	4	1	4	3	1	4	3	4	4	4	2	1	3	3	4	3	2	4	3	3	4	4	2	4	3	3	4	1	3	4	4	2	1	3	1	4	1	4	1	2	2	2	2	2	4	1	1	4	1	2	4
KM407021.1_nyssomyia_umbratilis_isolate_FRIP01	2	1	3	4	1	2	4	4	4	1	1	1	4	1	4	4	1	3	1	4	4	1	1	3	1	1	4	2	1	3	2	2	2	4	1	3	2	1	1	1	1	3	1	4	4	1	4	4	1	1	1	1	1	1	1	1	4	1	4	3	1	1	4	1	4	2	2	1	4	1	1	4	1	4	4	1	1	3	3	4	3	3	4	1	1	1	3	3	1	4	4	1	1	3	4	1	1	4	3	1	2	2	2	1	1	1	4	4	1	4	1	1	4	3	3	4	3	2	4	2	2	1	3	4	1	4	1	4	3	2	4	1	1	1	2	2	1	2	3	4	4	1	4	4	4	1	4	4	1	4	1	4	4	3	4	1	1	1	1	3	4	2	1	1	1	1	4	2	2	1	2	2	1	1	2	1	1	1	4	1	2	1	1	1	4	1	1	4	1	1	4	4	2	4	4	3	4	4	3	4	4	1	4	3	1	4	3	4	4	4	2	1	3	3	3	3	2	4	3	3	4	4	2	4	3	3	2	1	3	4	4	2	1	3	1	4	1	4	2	2	2	1	2	2	4	1	1	4	1	2	4
KM407022.1_nyssomyia_umbratilis_isolate_FRIP02	2	1	3	4	1	2	4	4	4	1	1	1	4	1	4	4	1	3	1	4	4	1	1	3	1	1	4	2	1	3	2	2	2	4	1	3	2	1	1	1	1	3	1	4	4	1	4	4	1	1	1	1	1	1	1	1	4	1	4	3	1	1	4	1	4	2	2	1	4	1	1	4	1	4	4	1	1	3	3	4	3	3	4	1	1	1	3	3	1	4	4	1	1	3	4	1	1	4	3	1	2	2	2	1	1	1	4	4	1	4	1	1	4	3	3	4	3	2	3	2	2	1	3	4	1	4	1	4	3	2	4	1	1	1	2	2	1	2	3	4	4	1	4	4	4	1	4	4	1	4	1	4	4	3	4	1	1	1	1	3	4	2	1	1	1	1	4	2	2	1	2	2	1	1	2	1	1	1	4	1	2	1	1	1	4	1	1	4	1	1	4	4	2	4	4	3	4	4	3	4	4	1	4	3	1	4	3	4	4	4	2	1	3	3	4	3	2	4	3	3	4	4	2	4	3	3	2	1	3	4	4	2	1	3	1	4	1	4	2	2	2	1	2	2	4	1	1	4	1	2	4
KM407023.1_nyssomyia_umbratilis_isolate_FRIP03	2	1	3	4	1	2	4	4	4	1	1	1	4	1	4	4	1	3	1	4	4	1	1	3	1	1	4	2	1	3	2	2	2	4	1	3	2	1	1	1	1	3	1	4	4	1	4	4	1	1	1	1	1	1	1	1	4	1	4	3	1	1	4	1	4	2	2	1	4	1	1	4	1	4	4	1	1	3	3	4	3	3	4	1	1	1	3	3	1	4	4	1	1	3	4	1	1	4	3	1	2	2	2	1	1	1	4	4	1	4	1	1	4	3	3	4	3	2	4	2	2	1	3	4	1	4	1	4	3	2	4	1	1	1	2	2	1	2	3	4	4	1	4	4	4	1	4	4	1	4	1	4	4	3	4	1	1	1	1	3	4	2	1	1	1	1	4	2	2	1	2	2	1	1	2	1	1	1	4	1	2	1	1	1	4	1	1	4	1	1	4	4	2	4	4	3	4	4	3	4	4	1	4	3	1	4	3	4	4	4	2	1	3	3	3	3	2	4	3	3	4	4	2	4	3	3	2	1	3	4	4	2	1	3	1	4	1	4	2	2	2	1	2	2	4	1	1	4	1	2	4
KM407024.1_nyssomyia_umbratilis_isolate_FRIP04	2	1	3	4	1	2	4	4	4	1	1	1	4	1	4	4	1	3	1	4	4	1	1	3	1	1	4	2	1	3	2	2	2	4	1	3	2	1	1	1	1	3	1	4	4	1	4	4	1	1	1	1	1	1	1	1	4	1	4	3	1	1	4	1	4	2	2	1	4	1	1	4	1	4	4	1	1	3	3	4	3	3	4	1	1	1	3	3	1	4	4	1	1	3	4	1	1	4	3	1	2	2	2	1	1	1	4	4	1	4	1	1	4	3	3	4	3	2	3	2	2	1	3	4	1	4	1	4	3	2	4	1	1	1	2	2	1	2	3	4	4	1	4	4	4	1	4	4	1	4	1	4	4	3	4	1	1	1	1	3	4	2	1	1	1	1	4	2	2	1	2	2	1	1	2	1	1	1	4	1	2	1	1	1	4	1	1	4	1	1	4	4	2	4	4	3	4	4	3	4	4	1	4	3	1	4	3	4	4	4	2	1	3	3	4	3	2	4	3	3	4	4	2	4	3	3	2	1	3	4	4	2	1	3	1	4	1	4	2	2	2	1	2	2	4	1	1	4	1	2	4
KM407025.1_nyssomyia_umbratilis_isolate_FRIP06	2	1	3	4	1	2	4	4	4	1	1	1	4	1	4	4	1	3	1	4	4	1	1	3	1	1	4	2	1	3	2	2	2	4	1	3	2	1	1	1	1	3	1	4	4	1	4	4	1	1	1	1	1	1	1	1	4	1	4	3	1	1	4	1	4	2	2	1	4	1	1	4	1	4	4	1	1	3	3	4	3	3	4	1	1	1	3	3	1	4	4	1	1	3	4	1	1	4	3	1	2	2	2	1	1	1	4	4	1	4	1	1	4	3	3	4	3	2	3	2	2	1	3	4	1	4	1	4	3	2	4	1	1	1	2	2	1	2	3	4	4	1	4	4	4	1	4	4	1	4	1	4	4	3	4	1	1	1	1	3	4	2	1	1	1	1	4	2	2	1	2	2	1	1	2	1	1	1	4	1	2	1	1	1	4	1	1	4	1	1	4	4	2	4	4	3	4	4	3	4	4	1	4	3	1	4	3	4	4	4	2	1	3	3	4	3	2	4	3	3	4	4	2	4	3	3	2	1	3	4	4	2	1	3	1	4	1	4	2	2	2	2	2	2	4	1	1	4	1	2	4
KM407026.1_nyssomyia_umbratilis_isolate_FRIP09	2	1	3	4	1	2	4	4	4	1	1	1	4	1	4	4	1	3	1	4	4	1	1	3	1	1	4	2	1	3	2	2	2	4	1	3	2	1	1	1	1	3	1	4	4	1	4	4	1	1	1	1	1	1	1	1	4	1	4	3	1	1	4	1	4	2	2	1	4	1	1	4	1	4	4	1	1	3	3	4	3	3	4	1	1	1	3	3	1	4	4	1	1	3	4	1	1	4	3	1	1	2	2	1	1	1	4	4	1	4	1	1	4	3	3	4	3	2	3	2	2	1	3	4	1	4	1	4	3	2	4	1	1	1	2	2	1	2	3	4	4	1	4	4	4	1	4	4	1	4	1	4	4	3	4	1	1	1	1	3	4	2	1	1	1	1	4	2	2	1	2	2	1	1	2	1	1	1	4	1	2	1	1	1	4	1	1	4	1	1	4	4	2	4	4	3	4	4	3	4	4	1	4	3	1	4	3	4	4	4	2	1	3	3	4	3	2	4	3	3	4	4	2	4	3	3	2	1	3	4	4	2	1	3	1	4	1	4	2	2	2	1	2	2	4	1	1	4	1	2	4
KM407027.1_nyssomyia_umbratilis_isolate_FRIP10	2	1	3	4	1	2	4	4	4	1	1	1	4	1	4	4	1	3	1	4	4	1	1	3	1	1	4	2	1	3	2	2	2	4	1	3	2	1	1	1	1	3	1	4	4	1	4	4	1	1	1	1	1	1	1	1	4	1	4	3	1	1	4	1	4	2	2	1	4	1	1	4	1	4	4	1	1	3	3	4	3	3	4	1	1	1	3	3	1	4	4	1	1	3	4	1	1	4	3	1	2	2	2	1	1	1	4	4	1	4	1	1	4	3	3	4	3	2	4	2	2	1	3	4	1	4	1	4	3	2	4	1	1	1	2	2	1	2	3	4	4	1	4	4	4	1	4	4	1	4	1	4	4	3	4	1	1	1	1	3	4	2	1	1	1	1	4	2	2	1	2	2	1	1	2	1	1	1	4	1	2	1	1	1	4	1	1	4	1	1	4	4	2	4	4	3	4	4	3	4	4	1	4	3	1	4	3	4	4	4	2	1	3	3	4	3	2	4	3	3	4	4	2	4	3	3	2	1	3	4	4	2	1	3	1	4	1	4	2	2	2	1	2	2	4	1	1	4	1	2	4
KM407028.1_nyssomyia_umbratilis_isolate_FRIP11	2	1	3	4	1	2	4	4	4	1	1	1	4	1	4	4	1	3	1	4	4	1	1	3	1	1	4	2	1	3	2	2	2	4	1	3	2	1	1	1	1	3	1	4	4	1	4	4	1	1	1	1	1	1	1	1	4	1	4	3	1	1	4	1	4	2	2	1	4	1	1	4	1	4	4	1	1	3	3	4	3	3	4	1	1	1	3	3	1	4	4	1	1	3	4	1	1	4	3	1	2	2	2	1	1	1	4	4	1	4	1	1	4	3	3	4	3	2	3	2	2	1	3	4	1	4	1	4	3	2	4	1	1	1	2	2	1	2	3	4	4	1	4	4	4	1	4	4	1	4	1	4	4	3	4	1	1	1	1	3	4	2	1	1	1	1	4	2	2	1	2	2	1	1	2	1	1	1	4	1	2	1	1	1	4	1	1	4	1	1	4	4	2	4	4	3	4	4	3	4	4	1	4	3	1	4	3	4	4	4	2	1	3	3	4	3	2	4	3	3	4	4	2	4	3	3	2	1	3	4	4	2	1	3	1	4	1	4	2	2	2	1	2	2	4	1	1	4	1	2	4
KM407029.1_nyssomyia_umbratilis_isolate_FRIP12	2	1	3	4	1	2	4	4	4	1	1	1	4	1	4	4	1	3	1	4	4	1	1	3	1	1	4	2	1	3	2	2	2	4	1	3	2	1	1	1	1	3	1	4	4	1	4	4	1	1	1	1	1	1	1	1	4	1	4	3	1	1	4	1	4	2	2	1	4	1	1	4	1	4	4	1	1	3	3	4	3	3	4	1	1	1	3	3	1	4	4	1	1	3	4	1	1	4	3	1	2	2	2	1	1	1	4	4	1	4	1	1	4	3	3	4	3	2	3	2	2	1	3	4	1	4	1	4	3	2	4	1	1	1	2	2	1	2	3	4	4	1	4	4	4	1	4	4	1	4	1	4	4	3	4	1	1	1	1	3	4	2	1	1	1	1	4	2	2	1	2	2	1	1	2	1	1	1	4	1	2	1	1	1	4	1	1	4	1	1	4	4	2	4	4	3	4	4	3	4	4	1	4	3	1	4	3	4	4	4	2	1	3	3	4	3	2	4	3	3	4	4	2	4	3	3	2	1	3	4	4	2	1	3	1	4	1	4	2	2	2	1	2	2	4	1	1	4	1	2	4
KM407030.1_nyssomyia_umbratilis_isolate_FRIP13	2	1	3	4	1	2	4	4	4	1	1	1	4	1	4	4	1	3	1	4	4	1	1	3	1	1	4	2	1	3	2	2	2	4	1	3	2	1	1	1	1	3	1	4	4	1	4	4	1	1	1	1	1	1	1	1	4	1	4	3	1	1	4	1	4	2	2	1	4	1	1	4	1	4	4	1	1	3	3	4	3	3	4	1	1	1	3	3	1	4	4	1	1	3	4	1	1	4	3	1	2	2	2	1	1	1	4	4	1	4	1	1	4	3	3	4	3	2	4	2	2	1	3	4	1	4	1	4	3	2	4	1	1	1	2	2	1	2	3	4	4	1	4	4	4	1	4	4	1	4	1	4	4	3	4	1	1	1	1	3	4	2	1	1	1	1	4	2	2	1	2	2	1	1	2	1	1	1	4	1	2	1	1	1	4	1	1	4	1	1	4	4	2	4	4	3	4	4	3	4	4	1	4	3	1	4	3	4	4	4	2	1	3	3	4	3	2	4	3	3	4	4	2	4	3	3	2	1	3	4	4	2	1	3	1	4	1	4	2	2	2	1	2	2	4	1	1	4	1	2	4
KM407031.1_nyssomyia_umbratilis_isolate_FRIP14	2	1	3	4	1	2	4	4	4	1	1	1	4	1	4	4	1	3	1	4	4	1	1	3	1	1	4	2	1	3	2	2	2	4	1	3	2	1	1	1	1	3	1	4	4	1	4	4	1	1	1	1	1	1	1	1	4	1	4	3	1	1	4	1	4	2	2	1	4	1	1	4	1	4	4	1	1	3	3	4	3	3	4	1	1	1	3	3	1	4	4	1	1	3	4	1	1	4	3	1	2	2	2	1	1	1	4	4	1	4	1	1	4	3	3	4	3	2	3	2	2	1	3	4	1	4	1	4	3	2	4	1	1	1	2	2	1	2	3	4	4	1	4	4	4	1	4	4	1	4	1	4	4	3	4	1	1	1	1	3	4	2	1	1	1	1	4	2	2	1	2	2	1	1	2	1	1	1	4	1	2	1	1	1	4	1	1	4	1	1	4	4	2	4	4	3	4	4	3	4	4	1	4	3	1	4	3	4	4	4	2	1	3	3	4	3	2	4	3	3	4	4	2	4	3	3	2	1	3	4	4	2	1	3	1	4	1	4	2	2	2	2	2	2	4	1	1	4	1	2	4
KM407032.1_nyssomyia_umbratilis_isolate_FRIP15	2	1	3	4	1	2	4	4	4	1	1	1	4	1	4	4	1	3	1	4	4	1	1	3	1	1	4	2	1	3	2	2	2	4	1	3	2	1	1	1	1	3	1	4	4	1	4	4	1	1	1	1	1	1	1	1	4	1	4	3	1	1	4	1	4	2	2	1	4	1	1	4	1	4	4	1	1	3	3	4	3	3	4	1	1	1	3	3	1	4	4	1	1	3	4	1	1	4	3	1	2	2	2	1	1	1	4	4	1	4	1	1	4	3	3	4	3	2	3	2	2	1	3	4	1	4	1	4	3	2	4	1	1	1	2	2	1	2	3	4	4	1	4	4	4	1	4	4	1	4	1	4	4	3	4	1	1	1	1	3	4	2	1	1	1	1	4	2	2	1	2	2	1	1	2	1	1	1	4	1	2	1	1	1	4	1	1	4	1	1	4	4	2	4	4	3	4	4	3	4	4	1	4	3	1	4	3	4	4	4	2	1	3	3	4	3	2	4	3	3	4	4	2	4	3	3	2	1	3	4	4	2	1	3	1	4	1	4	2	2	2	1	2	2	4	1	1	4	1	2	4
KM407033.1_nyssomyia_umbratilis_isolate_FRIP16	2	1	3	4	1	2	4	4	4	1	1	1	4	1	4	4	1	3	1	4	4	1	1	3	1	1	4	2	1	3	2	2	2	4	1	3	2	1	1	1	1	3	1	4	4	1	4	4	1	1	1	1	1	1	1	1	4	1	4	3	1	1	4	1	4	2	2	1	4	1	1	4	1	4	4	1	1	3	3	4	3	3	4	1	1	1	3	3	1	4	4	1	1	3	4	1	1	4	3	1	2	2	2	1	1	1	4	4	1	4	1	1	4	3	3	4	3	2	4	2	2	1	3	4	1	4	1	4	3	2	4	1	1	1	2	2	1	2	3	4	4	1	4	4	4	1	4	4	1	4	1	4	4	3	4	1	1	1	1	3	4	2	1	1	1	1	4	2	2	1	2	2	1	1	2	1	1	1	4	1	2	1	1	1	4	1	1	4	1	1	4	4	2	4	4	3	4	4	3	4	4	1	4	3	1	4	3	4	4	4	2	1	3	3	3	3	2	4	3	3	4	4	2	4	3	3	2	1	3	4	4	2	1	3	1	4	1	4	2	2	2	1	2	2	4	1	1	4	1	2	4
KM407034.1_nyssomyia_umbratilis_isolate_FRIP18	2	1	3	4	1	2	4	4	4	1	1	1	4	1	4	4	1	3	1	4	4	1	1	3	1	1	4	2	1	3	2	2	2	4	1	3	2	1	1	1	1	3	1	4	4	1	4	4	1	1	1	1	1	1	1	1	4	1	4	3	1	1	4	1	4	2	2	1	4	1	1	4	1	4	4	1	1	3	3	4	3	3	4	1	1	1	3	3	1	4	4	1	1	3	4	1	1	4	3	1	2	2	2	1	1	1	4	4	1	4	1	1	4	3	3	4	3	2	4	2	2	1	3	4	1	4	1	4	3	2	4	1	1	1	2	2	1	2	3	4	4	1	4	4	4	1	4	4	1	4	1	4	4	3	4	1	1	1	1	3	4	2	1	1	1	1	4	2	2	1	2	2	1	1	2	1	1	1	4	1	2	1	1	1	4	1	1	4	1	1	4	4	2	4	4	3	4	4	3	4	4	1	4	3	1	4	3	4	4	4	2	1	3	3	4	3	2	4	3	3	4	4	2	4	3	3	2	1	3	4	4	2	1	3	1	4	1	4	2	2	2	1	2	2	4	1	1	4	1	2	4
KM407035.1_nyssomyia_umbratilis_isolate_FRIP19	2	1	3	4	1	2	4	4	4	1	1	1	4	1	4	4	1	3	1	4	4	1	1	3	1	1	4	2	1	3	2	2	2	4	1	3	2	1	1	1	1	3	1	4	4	1	4	4	1	1	1	1	1	1	1	1	4	1	4	3	1	1	4	1	4	2	2	1	4	1	1	4	1	4	4	1	1	3	3	4	3	3	4	1	1	1	3	3	1	4	4	1	1	3	4	1	1	4	3	1	2	2	2	1	1	1	4	4	1	4	1	1	4	3	3	4	3	2	3	2	2	1	3	4	1	4	1	4	3	2	4	1	1	1	2	2	1	2	3	4	4	1	4	4	4	1	4	4	1	4	1	4	4	3	4	1	1	1	1	3	4	2	1	1	1	1	4	2	2	1	2	2	1	1	2	1	1	1	4	1	2	1	1	1	4	1	1	4	1	1	4	4	2	4	4	3	4	4	3	4	4	1	4	3	1	4	3	4	4	4	2	1	3	3	4	3	2	4	3	3	4	4	2	4	3	3	2	1	3	4	4	2	1	3	1	4	1	4	2	2	2	2	2	2	4	1	1	4	1	2	4
KM407036.1_nyssomyia_umbratilis_isolate_FRIP20	2	1	3	4	1	2	4	4	4	1	1	1	4	1	4	4	1	3	1	4	4	1	1	3	1	1	4	2	1	3	2	2	2	4	1	3	2	1	1	1	1	3	1	4	4	1	4	4	1	1	1	1	1	1	1	1	4	1	4	3	1	1	4	1	4	2	2	1	4	1	1	4	1	4	4	1	1	3	3	4	3	3	4	1	1	1	3	3	1	4	4	1	1	3	4	1	1	4	3	1	2	2	2	1	1	1	4	4	1	4	1	1	4	3	3	4	3	2	3	2	2	1	3	4	1	4	1	4	3	2	4	1	1	1	2	2	1	2	3	4	4	1	4	4	4	1	4	4	1	4	1	4	4	3	4	1	1	1	1	3	4	2	1	1	1	1	4	2	2	1	2	2	1	1	2	1	1	1	4	1	2	1	1	1	4	1	1	4	1	1	4	4	2	4	4	3	4	4	3	4	4	1	4	3	1	4	3	4	4	4	2	1	3	3	4	3	2	4	3	3	4	4	2	4	3	3	2	1	3	4	4	2	1	3	1	4	1	4	2	2	2	4	2	2	4	1	1	4	1	2	4
KM407037.1_nyssomyia_umbratilis_isolate_FRIP21	2	1	3	4	1	2	4	4	4	1	1	1	4	1	4	4	1	3	1	4	4	1	1	3	1	1	4	2	1	3	2	2	2	4	1	3	2	1	1	1	1	3	1	4	4	1	4	4	1	1	1	1	1	1	1	1	4	1	4	3	1	1	4	1	4	2	2	1	4	1	1	4	1	4	4	1	1	3	3	4	3	3	4	1	1	1	3	3	1	4	4	1	1	3	4	1	1	4	3	1	2	2	2	1	1	1	4	4	1	4	1	1	4	3	3	4	3	2	4	2	2	1	3	4	1	4	1	4	3	2	4	1	1	1	2	2	1	2	3	4	4	1	4	4	4	1	4	4	1	4	1	4	4	3	4	1	1	1	1	3	4	2	1	1	1	1	4	2	2	1	2	2	1	1	2	1	1	1	4	1	2	1	1	1	4	1	1	4	1	1	4	4	2	4	4	3	4	4	3	4	4	1	4	3	1	4	3	4	4	4	2	1	3	3	4	3	2	4	3	3	4	4	2	4	3	3	2	1	3	4	4	2	1	3	1	4	1	4	2	2	2	1	2	2	4	1	1	4	1	2	4
KM407038.1_nyssomyia_umbratilis_isolate_FRIP23	2	1	3	4	1	2	4	4	4	1	1	1	4	1	4	4	1	3	1	4	4	1	1	3	1	1	4	2	1	3	2	2	2	4	1	3	2	1	1	1	1	3	1	4	4	1	4	4	1	1	1	1	1	1	1	1	4	1	4	3	1	1	4	1	4	2	2	1	4	1	1	4	1	4	4	1	1	3	3	4	3	3	4	1	1	1	3	3	1	4	4	1	1	3	4	1	1	4	3	1	2	2	2	1	1	1	4	4	1	4	1	1	4	3	3	4	3	2	4	2	2	1	3	4	1	4	1	4	3	2	4	1	1	1	2	2	1	2	3	4	4	1	4	4	4	1	4	4	1	4	1	4	4	3	4	1	1	1	1	3	4	2	1	1	1	1	4	2	2	1	2	2	1	1	2	1	1	1	4	1	2	1	1	1	4	1	1	4	1	1	4	4	2	4	4	3	4	4	3	4	4	1	4	3	1	4	3	4	4	4	2	1	3	3	4	3	2	4	3	3	4	4	2	4	3	3	2	1	3	4	4	2	1	3	1	4	1	4	2	2	2	1	2	2	4	1	1	4	1	2	4
KM407039.1_nyssomyia_umbratilis_isolate_FRIP26	2	1	3	4	1	2	4	4	4	1	1	1	4	1	4	4	1	3	1	4	4	1	1	3	1	1	4	2	1	3	2	2	2	4	1	3	2	1	1	1	1	3	1	4	4	1	4	4	1	1	1	1	1	1	1	1	4	1	4	3	1	1	4	1	4	2	2	1	4	1	1	4	1	4	4	1	1	3	3	4	3	3	4	1	1	1	3	3	1	4	4	1	1	3	4	1	1	4	3	1	2	2	2	1	1	1	4	4	1	4	1	1	4	3	3	4	3	2	4	2	2	1	3	4	1	4	1	4	3	2	4	1	1	1	2	2	1	2	3	4	4	1	4	4	4	1	4	4	1	4	1	4	4	3	4	1	1	1	1	3	4	2	1	1	1	1	4	2	2	1	2	2	1	1	2	1	1	1	4	1	2	1	1	1	4	1	1	4	1	1	4	4	2	4	4	3	4	4	3	4	4	1	4	3	1	4	3	4	4	4	2	1	3	3	4	3	2	4	3	3	4	4	2	4	3	3	2	1	3	4	4	2	1	3	1	4	1	4	2	2	2	1	2	2	4	1	1	4	1	2	4
KM407040.1_nyssomyia_umbratilis_isolate_FRIP27	2	1	3	4	1	2	4	4	4	1	1	1	4	1	4	4	1	3	1	4	4	1	1	3	1	1	4	2	1	3	2	2	2	4	1	3	2	1	1	1	1	3	1	4	4	1	4	4	1	1	1	1	1	1	1	1	4	1	4	3	1	1	4	1	4	2	2	1	4	1	1	4	1	4	4	1	1	3	3	4	3	3	4	1	1	1	3	3	1	4	4	1	1	3	4	1	1	4	3	1	2	2	2	1	1	1	4	4	1	4	1	1	4	3	3	4	3	2	4	2	2	1	3	4	1	4	1	4	3	2	4	1	1	1	2	2	1	2	3	4	4	1	4	4	4	1	4	4	1	4	1	4	4	3	4	1	1	1	1	3	4	2	1	1	1	1	4	2	2	1	2	2	1	1	2	1	1	1	4	1	2	1	1	1	4	1	1	4	1	1	4	4	2	4	4	3	4	4	3	4	4	1	4	3	1	4	3	4	4	4	2	1	3	3	4	3	2	4	3	3	4	4	2	4	3	3	2	1	3	4	4	2	1	3	1	4	1	4	2	2	2	1	2	2	4	1	1	4	1	2	4
KM407041.1_nyssomyia_umbratilis_isolate_FRIP28	2	1	3	4	1	2	4	4	4	1	1	1	4	1	4	4	1	3	1	4	4	1	1	3	1	1	4	2	1	3	2	2	2	4	1	3	2	1	1	1	1	3	1	4	4	1	4	4	1	1	1	1	1	1	1	1	4	1	4	3	1	1	4	1	4	2	2	1	4	1	1	4	1	4	4	1	1	3	3	4	3	3	4	1	1	1	3	3	1	4	4	1	1	3	4	1	1	4	3	1	2	2	2	1	1	1	4	4	1	4	1	1	4	3	3	4	3	2	4	2	2	1	3	4	1	4	1	4	3	2	4	1	1	1	2	2	1	2	3	4	4	1	4	4	4	1	4	4	1	4	1	4	4	3	4	1	1	1	1	3	4	2	1	1	1	1	4	2	2	1	2	2	1	1	2	1	1	1	4	1	2	1	1	1	4	1	1	4	1	1	4	4	2	4	4	3	4	4	3	4	4	1	4	3	1	4	3	4	4	4	2	1	3	3	4	3	2	4	3	3	4	4	2	4	3	3	2	1	3	4	4	2	1	3	1	4	1	4	2	2	2	1	2	2	4	1	1	4	1	2	4
KM407042.1_nyssomyia_umbratilis_isolate_FRIP29	2	1	3	4	1	2	4	4	4	1	1	1	4	1	4	4	1	3	1	4	4	1	1	3	1	1	4	2	1	3	2	2	2	4	1	3	2	1	1	1	1	3	1	4	4	1	4	4	1	1	1	1	1	1	1	1	4	1	4	3	1	1	4	1	4	2	2	1	4	1	1	4	1	4	4	1	1	3	3	4	3	3	4	1	1	1	3	3	1	4	4	1	1	3	4	1	1	4	3	1	2	2	2	1	1	1	4	4	1	4	1	1	4	3	3	4	3	2	3	2	2	1	3	4	1	4	1	4	3	2	4	1	1	1	2	2	1	2	3	4	4	1	4	4	4	1	4	4	1	4	1	4	4	3	4	1	1	1	1	3	4	2	1	1	1	1	4	2	2	1	2	2	1	1	2	1	1	1	4	1	2	1	1	1	4	1	1	4	1	1	4	4	2	4	4	3	4	4	3	4	4	1	4	3	1	4	3	4	4	4	2	1	3	3	4	3	2	4	3	3	4	4	2	4	3	3	2	1	3	4	4	2	1	3	1	4	1	4	2	2	2	2	2	2	4	1	1	4	1	2	4
KM407043.1_nyssomyia_umbratilis_isolate_FRIP30	2	1	3	4	1	2	4	4	4	1	1	1	4	1	4	4	1	3	1	4	4	1	1	3	1	1	4	2	1	3	2	2	2	4	1	3	2	1	1	1	1	3	1	4	4	1	4	4	1	1	1	1	1	1	1	1	4	1	4	3	1	1	4	1	4	2	2	1	4	1	1	4	1	4	4	1	1	3	3	4	3	3	4	1	1	1	3	3	1	4	4	1	1	3	4	1	1	4	3	1	2	2	2	1	1	1	4	4	1	4	1	1	4	3	3	4	3	2	4	2	2	1	3	4	2	4	1	4	3	2	4	1	1	1	2	2	1	2	3	4	4	1	4	4	4	1	4	4	1	4	1	4	4	3	4	1	1	1	1	3	4	2	1	1	1	1	4	2	2	1	2	2	1	1	2	1	1	1	4	1	2	1	1	1	4	1	1	4	1	1	4	4	2	4	4	3	4	4	3	4	4	1	4	3	1	4	3	4	4	4	2	1	3	3	4	3	2	4	3	3	4	4	2	4	3	3	2	1	3	4	4	2	1	3	1	4	1	4	2	2	2	1	2	2	4	1	1	4	1	2	4
KM407044.1_nyssomyia_umbratilis_isolate_FRE201	3	1	3	4	1	2	4	4	4	1	1	1	4	1	4	4	1	3	1	4	4	1	1	3	1	1	4	2	1	3	2	2	2	4	1	3	2	1	1	1	1	3	1	4	4	1	4	4	1	1	1	1	1	1	1	1	4	1	4	3	1	1	4	1	4	2	2	1	4	1	1	4	1	4	4	1	1	3	3	4	3	3	4	1	1	1	3	3	1	4	4	1	1	3	4	1	1	4	3	1	2	2	2	1	1	1	4	4	1	4	1	1	4	3	3	4	3	2	3	2	2	1	3	4	1	4	1	4	3	2	4	1	1	1	2	2	1	2	3	4	4	1	4	4	4	1	4	4	1	4	1	4	4	3	4	1	1	1	1	3	4	2	1	1	1	1	4	2	2	1	2	2	1	1	2	1	1	1	4	1	2	1	1	1	4	1	1	4	1	1	4	4	2	4	4	3	4	4	3	4	4	1	4	3	1	4	3	4	4	4	2	1	3	3	4	3	2	4	3	3	4	4	2	4	3	3	2	1	3	4	4	2	1	3	1	4	1	4	1	2	2	1	2	2	4	1	1	4	1	2	4
KM407045.1_nyssomyia_umbratilis_isolate_FRE202	3	1	3	4	1	2	4	4	4	1	1	1	4	1	4	4	1	3	1	4	4	1	1	3	1	1	4	2	1	3	2	2	2	4	1	3	2	1	1	1	1	3	1	4	4	1	4	4	1	1	1	1	1	1	1	1	4	1	4	3	1	1	4	1	4	2	2	1	4	1	1	4	1	4	4	1	1	3	3	4	3	3	4	1	1	1	3	3	1	4	4	1	1	3	4	1	1	4	3	1	2	2	2	1	1	1	4	4	1	4	1	1	4	3	3	4	3	2	4	2	2	1	3	4	1	4	1	4	3	2	4	1	1	1	2	2	1	2	3	4	4	1	4	4	4	1	4	4	1	4	1	4	4	3	4	1	1	1	1	3	4	2	1	1	1	1	4	2	2	1	2	2	1	1	2	1	1	1	4	1	2	1	1	1	4	1	1	4	1	1	4	4	2	4	4	3	4	4	3	4	4	1	4	3	1	4	3	4	4	4	2	1	3	3	4	3	2	4	3	3	4	4	2	4	3	3	2	1	3	4	4	2	1	3	1	4	1	4	2	2	2	1	2	2	4	1	1	4	1	2	4
KM407046.1_nyssomyia_umbratilis_isolate_FRE203	3	1	3	4	1	2	4	4	4	1	1	1	4	1	4	4	1	3	1	4	4	1	1	3	1	1	4	2	1	3	2	2	2	4	1	3	2	1	1	1	1	3	1	4	4	1	4	4	1	1	1	1	1	1	1	1	4	1	4	3	1	1	4	1	4	2	2	1	4	1	1	4	1	4	4	1	1	3	3	4	3	3	4	1	1	1	3	3	1	4	4	1	1	3	4	1	1	4	3	1	2	2	2	1	1	1	4	4	1	4	1	1	4	3	3	4	3	2	4	2	2	1	3	4	2	4	1	4	3	2	4	1	1	1	2	2	1	2	3	4	4	1	4	4	4	1	4	4	1	4	1	4	4	3	4	1	1	1	1	3	4	2	1	1	1	1	4	2	2	1	2	2	1	1	2	1	1	1	4	1	2	1	1	1	4	1	1	4	1	1	4	4	2	4	4	3	4	4	3	4	4	1	4	3	1	4	3	4	4	4	2	1	3	3	4	3	2	4	3	3	4	4	2	4	3	3	2	1	3	4	4	2	1	3	1	4	1	4	2	2	2	1	2	2	4	1	1	4	1	2	4
KM407047.1_nyssomyia_umbratilis_isolate_FRE204	3	1	3	4	1	2	4	4	4	1	1	1	4	1	4	4	1	3	1	4	4	1	1	3	1	1	4	2	1	3	2	2	2	4	1	3	2	1	1	1	1	3	1	4	4	1	4	4	1	1	1	1	1	1	1	1	4	1	4	3	1	1	4	1	4	2	2	1	4	1	1	4	1	4	4	1	1	3	3	4	3	3	4	1	1	1	3	3	1	4	4	1	1	3	4	1	1	4	3	1	2	2	2	1	1	1	4	4	1	4	1	1	4	3	3	4	3	2	4	2	2	1	3	4	1	4	1	4	3	2	4	1	1	1	2	2	1	2	3	4	4	1	4	4	4	1	4	4	1	4	1	4	4	3	4	1	1	1	1	3	4	2	1	1	1	1	4	2	2	1	2	2	1	1	2	1	1	1	4	1	2	1	1	1	4	1	1	4	1	1	4	4	2	4	4	3	4	4	3	4	4	1	4	3	1	4	3	4	4	4	2	1	3	3	4	3	2	4	3	3	4	4	2	4	3	3	2	1	3	4	4	2	1	3	1	4	1	4	2	2	2	2	2	2	4	1	1	4	1	2	4
KM407048.1_nyssomyia_umbratilis_isolate_FRE205	3	1	3	4	1	2	4	4	4	1	1	1	4	1	4	4	1	3	1	4	4	1	1	3	1	1	4	2	1	3	2	2	2	4	1	3	2	1	1	1	1	3	1	4	4	1	4	4	1	1	1	1	1	1	1	1	4	1	4	3	1	1	4	1	4	2	2	1	4	1	1	4	1	4	4	1	1	3	3	4	3	3	4	1	1	1	3	3	1	4	4	1	1	3	4	1	1	4	3	1	2	2	2	1	1	1	4	4	1	4	1	1	4	3	3	4	3	2	4	2	2	1	3	4	1	4	1	4	3	2	4	1	1	1	2	2	1	2	3	4	4	1	4	4	4	1	4	4	1	4	1	4	4	3	4	1	1	1	1	3	4	2	1	1	1	1	4	2	2	1	2	2	1	1	2	1	1	1	4	1	2	1	1	1	4	1	1	4	1	1	4	4	2	4	4	3	4	4	3	4	4	1	4	3	1	4	3	4	4	4	2	1	3	3	4	3	2	4	3	3	4	4	2	4	3	3	2	1	3	4	4	2	1	3	1	4	1	4	2	2	2	1	2	2	4	1	1	4	1	2	4
KM407049.1_nyssomyia_umbratilis_isolate_FRE206	3	1	3	4	1	2	4	4	4	1	1	1	4	1	4	4	1	3	1	4	4	1	1	3	1	1	4	2	1	3	2	2	2	4	1	3	2	1	1	1	1	3	1	4	4	1	4	4	1	1	1	1	1	1	1	1	4	1	4	3	1	1	4	1	4	2	2	1	4	1	1	4	1	4	4	1	1	3	3	4	3	3	4	1	1	1	3	3	1	4	4	1	1	3	4	1	1	4	3	1	2	2	2	1	1	1	4	4	1	4	1	1	4	3	3	4	3	2	4	2	2	1	3	4	1	4	1	4	3	2	4	1	1	1	2	2	1	2	3	4	4	1	4	4	4	1	4	4	1	4	1	4	4	3	4	1	1	1	1	3	4	2	1	1	1	1	4	2	2	1	2	2	1	1	2	1	1	1	4	1	2	1	1	1	4	1	1	4	1	1	4	4	2	4	4	3	4	4	3	4	4	1	4	3	1	4	3	4	4	4	2	1	3	3	4	3	2	4	3	3	4	4	2	4	3	3	2	1	3	4	4	2	1	3	1	4	1	4	2	2	2	1	2	2	4	1	1	4	1	2	4
KM407050.1_nyssomyia_umbratilis_isolate_FRE207	3	1	3	4	1	2	4	4	4	1	1	1	4	1	4	4	1	3	1	4	4	1	1	3	1	1	4	2	1	3	2	2	2	4	1	3	2	1	1	1	1	3	1	4	4	1	4	4	1	1	1	1	1	1	1	1	4	1	4	3	1	1	4	1	4	2	2	1	4	1	1	4	1	4	4	1	1	3	3	4	3	3	4	1	1	1	3	3	1	4	4	1	1	3	4	1	1	4	3	1	2	2	2	1	1	1	4	4	1	4	1	1	4	3	3	4	3	2	4	2	2	1	3	4	1	4	1	4	3	2	4	1	1	1	2	2	1	2	3	4	4	1	4	4	4	1	4	4	1	4	1	4	4	3	4	1	1	1	1	3	4	2	1	1	1	1	4	2	2	2	2	2	1	1	2	1	1	1	4	1	2	1	1	1	4	1	1	4	1	1	4	4	2	4	4	3	4	4	3	4	4	1	4	3	1	4	3	4	4	4	2	1	3	3	4	3	2	4	3	3	4	4	2	4	3	3	2	1	3	4	4	2	1	3	1	4	1	4	2	2	2	1	2	2	4	1	1	4	1	2	4
KM407051.1_nyssomyia_umbratilis_isolate_FRE208	3	1	3	4	1	2	4	4	4	1	1	1	4	1	4	4	1	3	1	4	4	1	1	3	1	1	4	2	1	3	2	2	2	4	1	3	2	1	1	1	1	3	1	4	4	1	4	4	1	1	1	1	1	1	1	1	4	1	4	3	1	1	4	1	4	2	2	1	4	1	1	4	1	4	4	1	1	3	3	4	3	3	4	1	1	1	3	3	1	4	4	1	1	3	4	1	1	4	3	1	2	2	2	1	1	1	4	4	1	4	1	1	4	3	3	4	3	2	3	2	2	1	3	4	1	4	1	4	3	2	4	1	1	1	2	2	1	2	3	4	4	1	4	4	4	1	4	4	1	4	1	4	4	3	4	1	1	1	1	3	4	2	1	1	1	1	4	2	2	1	2	2	1	1	2	1	1	1	4	1	2	1	1	1	4	1	1	4	1	1	4	4	2	4	4	3	4	4	3	4	4	1	4	3	1	4	3	4	4	4	2	1	3	3	4	3	2	4	3	3	4	4	2	4	3	3	2	1	3	4	4	2	1	3	1	4	1	4	2	2	2	2	2	2	4	1	1	4	1	2	4
KM407052.1_nyssomyia_umbratilis_isolate_FRE209	3	1	3	4	1	2	4	4	4	1	1	1	4	1	4	4	1	3	1	4	4	1	1	3	1	1	4	2	1	3	2	2	2	4	1	3	2	1	1	1	1	3	1	4	4	1	4	4	1	1	1	1	1	1	1	1	4	1	4	3	1	1	4	1	4	2	2	1	4	1	1	4	1	4	4	1	1	3	3	4	3	3	4	1	1	1	3	3	1	4	4	1	1	3	4	1	1	4	3	1	2	2	2	1	1	1	4	4	1	4	1	1	4	3	3	4	3	2	4	2	2	1	3	4	1	4	1	4	3	2	4	1	1	1	2	2	1	2	3	4	4	1	4	4	4	1	4	4	1	4	1	4	4	3	4	1	1	1	1	3	4	2	1	1	1	1	4	2	2	1	2	2	1	1	2	1	1	1	4	1	2	1	1	1	4	1	1	4	1	1	4	4	2	4	4	3	4	4	3	4	4	1	4	3	1	4	3	4	4	4	2	1	3	3	4	3	2	4	3	3	4	4	2	4	3	3	2	1	3	4	4	2	1	3	1	4	1	4	2	2	2	1	2	2	4	1	1	4	1	2	4
KM407053.1_nyssomyia_umbratilis_isolate_FRE210	3	1	3	4	1	2	4	4	4	1	1	1	4	1	4	4	1	3	1	4	4	1	1	3	1	1	4	2	1	3	2	2	2	4	1	3	2	1	1	1	1	3	1	4	4	1	4	4	1	1	1	1	1	1	1	1	4	1	4	3	1	1	4	1	4	2	2	1	4	1	1	4	1	4	4	1	1	3	3	4	3	3	4	1	1	1	3	3	1	4	4	1	1	3	4	1	1	4	3	1	2	2	2	1	1	1	4	4	1	4	1	1	4	3	3	4	3	2	4	2	2	1	3	4	1	4	1	4	3	2	4	1	1	1	2	2	1	2	3	4	4	1	4	4	4	1	4	4	1	4	1	4	4	3	4	1	1	1	1	3	4	2	1	1	1	1	4	2	2	1	2	2	1	1	2	1	1	1	4	1	2	1	1	1	4	1	1	4	1	1	4	4	2	4	4	3	4	4	3	4	4	1	4	3	1	4	3	4	4	4	2	1	3	3	4	3	2	4	3	3	4	4	2	4	3	3	2	1	3	4	4	2	1	3	1	4	1	4	2	2	2	1	2	2	4	1	1	4	1	2	4
KM407054.1_nyssomyia_umbratilis_isolate_FRE211	3	1	3	4	1	2	4	4	4	1	1	1	4	1	4	4	1	3	1	4	4	1	1	3	1	1	4	2	1	3	2	2	2	4	1	3	2	1	1	1	1	3	1	4	4	1	4	4	1	1	1	1	1	1	1	1	4	1	4	3	1	1	4	1	4	2	2	1	4	1	1	4	1	4	4	1	1	3	3	4	3	3	4	1	1	1	3	3	1	4	4	1	1	3	4	1	1	4	3	1	2	2	2	1	1	1	4	4	1	4	1	1	4	3	3	4	3	2	3	2	2	1	3	4	1	4	1	4	3	2	4	1	1	1	2	2	1	2	3	4	4	1	4	4	4	1	4	4	1	4	1	4	4	3	4	1	1	1	1	3	4	2	1	1	1	1	4	2	2	1	2	2	1	1	2	1	1	1	4	1	2	1	1	1	4	1	1	4	1	1	4	4	2	4	4	3	4	4	3	4	4	1	4	3	1	4	3	4	4	4	2	1	3	3	4	3	2	4	3	3	4	4	2	4	3	3	2	1	3	4	4	2	1	3	1	4	1	4	2	2	2	1	2	2	4	1	1	4	1	2	4
KM407055.1_nyssomyia_umbratilis_isolate_FRE213	3	1	3	4	1	2	4	4	4	1	1	1	4	1	4	4	1	3	1	4	4	1	1	3	1	1	4	2	1	3	2	2	2	4	1	3	2	1	1	1	1	3	1	4	4	1	4	4	1	1	1	1	1	1	1	1	4	1	4	3	1	1	4	1	4	2	2	1	4	1	1	4	1	4	4	1	1	3	3	4	3	3	4	1	1	1	3	3	1	4	4	1	1	3	4	1	1	4	3	1	2	2	2	1	1	1	4	4	1	4	1	1	4	3	3	4	3	2	4	2	2	1	3	4	1	4	1	4	3	2	4	1	1	1	2	2	1	2	3	4	4	1	4	4	4	1	4	4	1	4	1	4	4	3	4	1	1	1	1	3	4	2	1	1	1	1	4	2	2	1	2	2	1	1	2	1	1	1	4	1	2	1	1	1	4	1	1	4	1	1	4	4	2	4	4	3	4	4	3	4	4	1	4	3	1	4	3	4	4	4	2	1	3	3	4	3	2	4	3	3	4	4	2	4	3	3	2	1	3	4	4	2	1	3	1	4	1	4	2	2	2	1	2	2	4	1	1	4	1	2	4
KM407056.1_nyssomyia_umbratilis_isolate_FRE214	3	1	3	4	1	2	4	4	4	1	1	1	4	1	4	4	1	3	1	4	4	1	1	3	1	1	4	2	1	3	2	2	2	4	1	3	2	1	1	1	1	3	1	4	4	1	4	4	1	1	1	1	1	1	1	1	4	1	4	3	1	1	4	1	4	2	2	1	4	1	1	4	1	4	4	1	1	3	3	4	3	3	4	1	1	1	3	3	1	4	4	1	1	3	4	1	1	4	3	1	2	2	2	1	1	1	4	4	1	4	1	1	4	3	3	4	3	2	4	2	2	1	3	4	1	4	1	4	3	2	4	1	1	1	2	2	1	2	3	4	4	1	4	4	4	1	4	4	1	4	1	4	4	3	4	1	1	1	1	3	4	2	1	1	1	1	4	2	2	1	2	2	1	1	2	1	1	1	4	1	2	1	1	1	4	1	1	4	1	1	4	4	2	4	4	3	4	4	3	4	4	1	4	3	1	4	3	4	4	4	2	1	3	3	4	3	2	4	3	3	4	4	2	4	3	3	2	1	3	4	4	2	1	3	1	4	1	4	2	2	2	1	2	2	4	1	1	4	1	2	4
KM407057.1_nyssomyia_umbratilis_isolate_FRE215	3	1	3	4	1	2	4	4	4	1	1	1	4	1	4	4	1	3	1	4	4	1	1	3	1	1	4	2	1	3	2	2	2	4	1	3	2	1	1	1	1	3	1	4	4	1	4	4	1	1	1	1	1	1	1	1	4	1	4	3	1	1	4	1	4	2	2	1	4	1	1	4	1	4	4	1	1	3	3	4	3	3	4	1	1	1	3	3	1	4	4	1	1	3	4	1	1	4	3	1	2	2	2	1	1	1	4	4	1	4	1	1	4	3	3	4	3	2	4	2	2	1	3	4	1	4	1	4	3	2	4	1	1	1	2	2	1	2	3	4	4	1	4	4	4	1	4	4	1	4	1	4	4	3	4	1	1	1	1	3	4	2	1	1	1	1	4	2	2	1	2	2	1	1	2	1	1	1	4	1	2	1	1	1	4	1	1	4	1	1	4	4	2	4	4	3	4	4	3	4	4	1	4	3	1	4	3	4	4	4	2	1	3	3	4	3	2	4	3	3	4	4	2	4	3	3	2	1	3	4	4	2	1	3	1	4	1	4	2	2	2	1	2	2	4	1	1	4	1	2	4
KM407058.1_nyssomyia_umbratilis_isolate_FRE216	3	1	3	4	1	2	4	4	4	1	1	1	4	1	4	4	1	3	1	4	4	1	1	3	1	1	4	2	1	3	2	2	2	4	1	3	2	1	1	1	1	3	1	4	4	1	4	4	1	1	1	1	1	1	1	1	4	1	4	3	1	1	4	1	4	2	2	1	4	1	1	4	1	4	4	1	1	3	3	4	3	3	4	1	1	1	3	3	1	4	4	1	1	3	4	1	1	4	3	1	2	2	2	1	1	1	4	4	1	4	1	1	4	3	3	4	3	2	4	2	2	1	3	4	1	4	1	4	3	2	4	1	1	1	2	2	1	2	3	4	4	1	4	4	4	1	4	4	1	4	1	4	4	3	4	1	1	1	1	3	4	2	1	1	1	1	4	2	2	1	2	2	1	1	2	1	1	1	4	1	2	1	1	1	4	1	1	4	1	1	4	4	2	4	4	3	4	4	3	4	4	1	4	3	1	4	3	4	4	4	2	1	3	3	4	3	2	4	3	3	4	4	2	4	3	3	2	1	3	4	4	2	1	3	1	4	1	4	2	2	2	1	2	2	4	1	1	4	1	2	4
KM407059.1_nyssomyia_umbratilis_isolate_FRE217	3	1	3	4	1	2	4	4	4	1	1	1	4	1	4	4	1	3	1	4	4	1	1	3	1	1	4	2	1	3	2	2	2	4	1	3	2	1	1	1	1	3	1	4	4	1	4	4	1	1	1	1	1	1	1	1	4	1	4	3	1	1	4	1	4	2	2	1	4	1	1	4	1	4	4	1	1	3	3	4	3	3	4	1	1	1	3	3	1	4	4	1	1	3	4	1	1	4	3	1	2	2	2	1	1	1	4	4	1	4	1	1	4	3	3	4	3	2	4	2	2	1	3	4	1	4	1	4	3	2	4	1	1	1	2	2	1	2	3	4	4	1	4	4	4	1	4	4	1	4	1	4	4	3	4	1	1	1	1	3	4	2	1	1	1	1	4	2	2	1	2	2	1	1	2	1	1	1	4	1	2	1	1	1	4	1	1	4	1	1	4	4	2	4	4	3	4	4	3	4	4	1	4	3	1	4	3	4	4	4	2	1	3	3	4	3	2	4	3	3	4	4	2	4	3	3	2	1	3	4	4	2	1	3	1	4	1	4	2	2	2	1	2	2	4	1	1	4	1	2	4
KM407060.1_nyssomyia_umbratilis_isolate_FRE218	3	1	3	4	1	2	4	4	4	1	1	1	4	1	4	4	1	3	1	4	4	1	1	3	1	1	4	2	1	3	2	2	2	4	1	3	2	1	1	1	1	3	1	4	4	1	4	4	1	1	1	1	1	1	1	1	4	1	4	3	1	1	4	1	4	2	2	1	4	1	1	4	1	4	4	1	1	3	3	4	3	3	4	1	1	1	3	3	1	4	4	1	1	3	4	1	1	4	3	1	2	2	2	1	1	1	4	4	1	4	2	1	4	3	3	4	3	2	4	2	2	1	3	4	1	4	1	4	3	2	4	1	1	1	2	2	1	2	3	4	4	1	4	4	4	1	4	4	1	4	1	4	4	3	4	1	1	1	1	3	4	2	1	1	1	1	4	2	2	1	2	2	1	1	2	1	1	1	4	1	2	1	1	1	4	1	1	4	1	1	4	4	2	4	4	3	4	4	3	4	4	1	4	3	1	4	3	4	4	4	2	1	3	3	4	3	2	4	3	3	4	4	2	4	3	3	2	1	3	4	4	2	1	3	1	4	1	4	2	2	2	1	2	2	4	1	1	4	1	2	4
KM407061.1_nyssomyia_umbratilis_isolate_FRE219	3	1	3	4	1	2	4	4	4	1	1	1	4	1	4	4	1	3	1	4	4	1	1	3	1	1	4	2	1	3	2	2	2	4	1	3	2	1	1	1	1	3	1	4	4	1	4	4	1	1	1	1	1	1	1	1	4	1	4	3	1	1	4	1	4	2	2	1	4	1	1	4	1	4	4	1	1	3	3	4	3	3	4	1	1	1	3	3	1	4	4	1	1	3	4	1	1	4	3	1	2	2	2	1	1	1	4	4	1	4	1	1	4	3	3	4	3	2	3	2	2	1	3	4	1	4	1	4	3	2	4	1	1	1	2	2	1	2	3	4	4	1	4	4	4	1	4	4	1	4	1	4	4	3	4	1	1	1	1	3	4	2	1	1	1	1	4	2	2	1	2	2	1	1	2	1	1	1	4	1	2	1	1	1	4	1	1	4	1	1	4	4	2	4	4	3	4	4	3	4	4	1	4	3	1	4	3	4	4	4	2	1	3	3	4	3	2	4	3	3	4	4	2	4	3	3	2	1	3	4	4	2	1	3	1	4	1	4	2	2	2	2	2	2	4	1	1	4	1	2	4
KM407062.1_nyssomyia_umbratilis_isolate_FRE220	3	1	3	4	1	2	4	4	4	1	1	1	4	1	4	4	1	3	1	4	4	1	1	3	1	1	4	2	1	3	2	2	2	4	1	3	2	1	1	1	1	3	1	4	4	1	4	4	1	1	1	1	1	1	1	1	4	1	4	3	1	1	4	1	4	2	2	1	4	1	1	4	1	4	4	1	1	3	3	4	3	3	4	1	1	1	3	3	1	4	4	1	1	3	4	1	1	4	3	1	2	2	2	1	1	1	4	4	1	4	1	1	4	3	3	4	3	2	3	2	2	1	3	4	1	4	1	4	3	2	4	1	1	1	2	2	1	2	3	4	4	1	4	4	4	1	4	4	1	4	1	4	4	3	4	1	1	1	1	3	4	2	1	1	1	1	4	2	2	1	2	2	1	1	2	1	1	1	4	1	2	1	1	1	4	1	1	4	1	1	4	4	2	4	4	3	4	4	3	4	4	1	4	3	1	4	3	4	4	4	2	1	3	3	4	3	2	4	3	3	4	4	2	4	3	3	2	1	3	4	4	2	1	3	1	4	1	4	2	2	2	1	2	2	4	1	1	4	1	2	4
KM407063.1_nyssomyia_umbratilis_isolate_FRE222	3	1	3	4	1	2	4	4	4	1	1	1	4	1	4	4	1	3	1	4	4	1	1	3	1	1	4	2	1	3	2	2	2	4	1	3	2	1	1	1	1	3	1	4	4	1	4	4	1	1	1	1	1	1	1	1	4	1	4	3	1	1	4	1	4	2	2	1	4	1	1	4	1	4	4	1	1	3	3	4	3	3	4	1	1	1	3	3	1	4	4	1	1	3	4	1	1	4	3	1	2	2	2	1	1	1	4	4	1	4	1	1	4	3	3	4	3	2	4	2	2	1	3	4	1	4	1	4	3	2	4	1	1	1	2	2	1	2	3	4	4	1	4	4	4	1	4	4	1	4	1	4	4	3	4	1	1	1	1	3	4	2	1	1	1	1	4	2	2	1	2	2	1	1	2	1	1	1	4	1	2	1	1	1	4	1	1	4	1	1	4	4	2	4	4	3	4	4	3	4	4	1	4	3	1	4	3	4	4	4	2	1	3	3	4	3	2	4	3	3	4	4	2	4	3	3	2	1	3	4	4	2	1	3	1	4	1	4	2	2	2	1	2	2	4	1	1	4	1	2	4
KM407064.1_nyssomyia_umbratilis_isolate_FRE223	3	1	3	4	1	2	4	4	4	1	1	1	4	1	4	4	1	3	1	4	4	1	1	3	1	1	4	2	1	3	2	2	2	4	1	3	2	1	1	1	1	3	1	4	4	1	4	4	1	1	1	1	1	1	1	1	4	1	4	3	1	1	4	1	4	2	2	1	4	1	1	4	1	4	4	1	1	3	3	4	3	3	4	1	1	1	3	3	1	4	4	1	1	3	4	1	1	4	3	1	2	2	2	1	1	1	4	4	1	4	1	1	4	3	3	4	3	2	4	2	2	1	3	4	1	4	1	4	3	2	4	1	1	1	2	2	1	2	3	4	4	1	4	4	4	1	4	4	1	4	1	4	4	3	4	1	1	1	1	3	4	2	1	1	1	1	4	2	2	1	2	2	1	1	2	1	1	1	4	1	2	1	1	1	4	1	1	4	1	1	4	4	2	4	4	3	4	4	3	4	4	1	4	3	1	4	3	4	4	4	2	1	3	3	4	3	2	4	3	3	4	4	2	4	3	3	2	1	3	4	4	2	1	3	1	4	1	4	2	2	2	1	2	2	4	1	1	4	1	2	4
KM407065.1_nyssomyia_umbratilis_isolate_FRE224	3	1	3	4	1	2	4	4	4	1	1	1	4	1	4	4	1	3	1	4	4	1	1	3	1	1	4	2	1	3	2	2	2	4	1	3	2	1	1	1	1	3	1	4	4	1	4	4	1	1	1	1	1	1	1	1	4	1	4	3	1	1	4	1	4	2	2	1	4	1	1	4	1	4	4	1	1	3	3	4	3	3	4	1	1	1	3	3	1	4	4	1	1	3	4	1	1	4	3	1	2	2	2	1	1	1	4	4	1	4	1	1	4	3	3	4	3	2	4	2	2	1	3	4	1	4	1	4	3	2	4	1	1	1	2	2	1	2	3	4	4	1	4	4	4	1	4	4	1	4	1	4	4	3	4	1	1	1	1	3	4	2	1	1	1	1	4	2	2	1	2	2	1	1	2	1	1	1	4	1	2	1	1	1	4	1	1	4	1	1	4	4	2	4	4	3	4	4	3	4	4	1	4	3	1	4	3	4	4	4	2	1	3	3	4	3	2	4	3	3	4	4	2	4	3	3	2	1	3	4	4	2	1	3	1	4	1	4	2	2	2	1	2	2	4	1	1	4	1	2	4
KM407066.1_nyssomyia_umbratilis_isolate_FRE225	3	1	3	4	1	2	4	4	4	1	1	1	4	1	4	4	1	3	1	4	4	1	1	3	1	1	4	2	1	3	2	2	2	4	1	3	2	1	1	1	1	3	1	4	4	1	4	4	1	1	1	1	1	1	1	1	4	1	4	3	1	1	4	1	4	2	2	1	4	1	1	4	1	4	4	1	1	3	3	4	3	3	4	1	1	1	3	3	1	4	4	1	1	3	4	1	1	4	3	1	2	2	2	1	1	1	4	4	1	4	1	1	4	3	3	4	3	2	3	2	2	1	3	4	1	4	1	4	3	2	4	1	1	1	2	2	1	2	3	4	4	1	4	4	4	1	4	4	1	4	1	4	4	3	4	1	1	1	1	3	4	2	1	1	1	1	4	2	2	1	2	2	1	1	2	1	1	1	4	1	2	1	1	1	4	1	1	4	1	1	4	4	2	4	4	3	4	4	3	4	4	1	4	3	1	4	3	4	4	4	2	1	3	3	4	3	2	4	3	3	4	4	2	4	3	3	2	1	3	4	4	2	1	3	1	4	1	4	2	2	2	1	2	2	4	1	1	4	1	2	4
KM407067.1_nyssomyia_umbratilis_isolate_FRE226	3	1	3	4	1	2	4	4	4	1	1	1	4	1	4	4	1	3	1	4	4	1	1	3	1	1	4	2	1	3	2	2	2	4	1	3	2	1	1	1	1	3	1	4	4	1	4	4	1	1	1	1	1	1	1	1	4	1	4	3	1	1	4	1	4	2	2	1	4	1	1	4	1	4	4	1	1	3	3	4	3	3	4	1	1	1	3	3	1	4	4	1	1	3	4	1	1	4	3	1	2	2	2	1	1	1	4	4	1	4	1	1	4	3	3	4	3	2	3	2	2	1	3	4	2	4	1	4	3	2	4	1	1	1	2	2	1	2	3	4	4	1	4	4	4	1	4	4	1	4	1	4	4	3	4	1	1	1	1	3	4	2	1	1	1	1	4	2	2	1	2	2	1	1	2	1	1	1	4	1	2	1	1	1	4	1	1	4	1	1	4	4	2	4	4	3	4	4	3	4	4	1	4	3	1	4	3	4	4	4	2	1	3	3	4	3	2	4	3	3	4	4	2	4	3	3	2	1	3	4	4	2	1	3	1	4	1	4	2	2	2	2	2	2	4	1	1	4	1	2	4
KM407068.1_nyssomyia_umbratilis_isolate_FRE227	3	1	3	4	1	2	4	4	4	1	1	1	4	1	4	4	1	3	1	4	4	1	1	3	1	1	4	2	1	3	2	2	2	4	1	3	2	1	1	1	1	3	1	4	4	1	4	4	1	1	1	1	1	1	1	1	4	1	4	3	1	1	4	1	4	2	2	1	4	1	1	4	1	4	4	1	1	3	3	4	3	3	4	1	1	1	3	3	1	4	4	1	1	3	4	1	1	4	3	1	2	2	2	1	1	1	4	4	1	4	1	1	4	3	3	4	3	2	4	2	2	1	3	4	2	4	1	4	3	2	4	1	1	1	2	2	1	2	3	4	4	1	4	4	4	1	4	4	1	4	1	4	4	3	4	1	1	1	1	3	4	2	1	1	1	1	4	2	2	1	2	2	1	1	2	1	1	1	4	1	2	1	1	1	4	1	1	4	1	1	4	4	2	4	4	3	4	4	3	4	4	1	4	3	1	4	3	4	4	4	2	1	3	3	4	3	2	4	3	3	4	4	2	4	3	3	2	1	3	4	4	2	1	3	1	4	1	4	2	2	2	1	2	2	4	1	1	4	1	2	4
KM407069.1_nyssomyia_umbratilis_isolate_FRE229	3	1	3	4	1	2	4	4	4	1	1	1	4	1	4	4	1	3	1	4	4	1	1	3	1	1	4	2	1	3	2	2	2	4	1	3	2	1	1	1	1	3	1	4	4	1	4	4	1	1	1	1	1	1	1	1	4	1	4	3	1	1	4	1	4	2	2	1	4	1	1	4	1	4	4	1	1	3	3	4	3	3	4	1	1	1	3	3	1	4	4	1	1	3	4	1	1	4	3	1	2	2	2	1	1	1	4	4	1	4	1	1	4	3	3	4	3	2	4	2	2	1	3	4	1	4	1	4	3	2	4	1	1	1	2	2	1	2	3	4	4	1	4	4	4	1	4	4	1	4	1	4	4	3	4	1	1	1	1	3	4	2	1	1	1	1	4	2	2	1	2	2	1	1	2	1	1	1	4	1	2	1	1	1	4	1	1	4	1	1	4	4	2	4	4	3	4	4	3	4	4	1	4	3	1	4	3	4	4	4	2	1	3	3	4	3	2	4	3	3	4	4	2	4	3	3	2	1	3	4	4	2	1	3	1	4	1	4	2	2	2	1	2	2	4	1	1	4	1	2	4
KM407070.1_nyssomyia_umbratilis_isolate_FRE230	3	1	3	4	1	2	4	4	4	1	1	1	4	1	4	4	1	3	1	4	4	1	1	3	1	1	4	2	1	3	2	2	2	4	1	3	2	1	1	1	1	3	1	4	4	1	4	4	1	1	1	1	1	1	1	1	4	1	4	3	1	1	4	1	4	2	2	1	4	1	1	4	1	4	4	1	1	3	3	4	3	3	4	1	1	1	3	3	1	4	4	1	1	3	4	1	1	4	3	1	2	2	2	1	1	1	4	4	1	4	1	1	4	3	3	4	3	2	3	2	2	1	3	4	1	4	1	4	3	2	4	1	1	1	2	2	1	2	3	4	4	1	4	4	4	1	4	4	1	4	1	4	4	3	4	1	1	1	1	3	4	2	1	1	1	1	4	2	2	1	2	2	1	1	2	1	1	1	4	1	2	1	1	1	4	1	1	4	1	1	4	4	2	4	4	3	4	4	3	4	4	1	4	3	1	4	3	4	4	4	2	1	3	3	4	3	2	4	3	3	4	4	2	4	3	3	2	1	3	4	4	2	1	3	1	4	1	4	2	2	2	1	2	2	4	1	1	4	1	2	4
KM407071.1_nyssomyia_umbratilis_isolate_FRE231	3	1	3	4	1	2	4	4	4	1	1	1	4	1	4	4	1	3	1	4	4	1	1	3	1	1	4	2	1	3	2	2	2	4	1	3	2	1	1	1	1	3	1	4	4	1	4	4	1	1	1	1	1	1	1	1	4	1	4	3	1	1	4	1	4	2	2	1	4	1	1	4	1	4	4	1	1	3	3	4	3	3	4	1	1	1	3	3	1	4	4	1	1	3	4	1	1	4	3	1	2	2	2	1	1	1	4	4	1	4	1	1	4	3	3	4	3	2	4	2	2	1	3	4	1	4	1	4	3	2	4	1	1	1	2	2	1	2	3	4	4	1	4	4	4	1	4	4	1	4	1	4	4	3	4	1	1	1	1	3	4	2	1	1	1	1	4	2	2	1	2	2	1	1	2	1	1	1	4	1	2	1	1	1	4	1	1	4	1	1	4	4	2	4	4	3	4	4	3	4	4	1	4	3	1	4	3	4	4	4	2	1	3	3	4	3	2	4	3	3	4	4	2	4	3	3	2	1	3	4	4	2	1	3	1	4	1	4	2	2	2	1	2	2	4	1	1	4	1	2	4
KM407072.1_nyssomyia_umbratilis_isolate_FRE232	3	1	3	4	1	2	4	4	4	1	1	1	4	1	4	4	1	3	1	4	4	1	1	3	1	1	4	2	1	3	2	2	2	4	1	3	2	1	1	1	1	3	1	4	4	1	4	4	1	1	1	1	1	1	1	1	4	1	4	3	1	1	4	1	4	2	2	1	4	1	1	4	1	4	4	1	1	3	3	4	3	3	4	1	1	1	3	3	1	4	4	1	1	3	4	1	1	4	3	1	2	2	2	1	1	1	4	4	1	4	1	1	4	3	3	4	3	2	3	2	2	1	3	4	1	4	1	4	3	2	4	1	1	1	2	2	1	2	3	4	4	1	4	4	4	1	4	4	1	4	1	4	4	3	4	1	1	1	1	3	4	2	1	1	1	1	4	2	2	1	2	2	1	1	2	1	1	1	4	1	2	1	1	1	4	1	1	4	1	1	4	4	2	4	4	3	4	4	3	4	4	1	4	3	1	4	3	4	4	4	2	1	3	3	4	3	2	4	3	3	4	4	2	4	3	3	2	1	3	4	4	2	1	3	1	4	1	4	2	2	2	1	2	2	4	1	1	4	1	2	4
KM407073.1_nyssomyia_umbratilis_isolate_FRE234	3	1	3	4	1	2	4	4	4	1	1	1	4	1	4	4	1	3	1	4	4	1	1	3	1	1	4	2	1	3	2	2	2	4	1	3	2	1	1	1	1	3	1	4	4	1	4	4	1	1	1	1	1	1	1	1	4	1	4	3	1	1	4	1	4	2	2	1	4	1	1	4	1	4	4	1	1	3	3	4	3	3	4	1	1	1	3	3	1	4	4	1	1	3	4	1	1	4	3	1	2	2	2	1	1	1	4	4	1	4	1	1	4	3	3	4	3	2	4	2	2	1	3	4	1	4	1	4	3	2	4	1	1	1	2	2	1	2	3	4	4	1	4	4	4	1	4	4	1	4	1	4	4	3	4	1	1	1	1	3	4	2	1	1	1	1	4	2	2	1	2	2	1	1	2	1	1	1	4	1	2	1	1	1	4	1	1	4	1	1	4	4	2	4	4	3	4	4	3	4	4	1	4	3	1	4	3	4	4	4	2	1	3	3	4	3	2	4	3	3	4	4	2	4	3	3	2	1	3	4	4	2	1	3	1	4	1	4	2	2	2	1	2	2	4	1	1	4	1	2	4
KM407074.1_nyssomyia_umbratilis_isolate_MM4N03	1	1	3	4	1	2	4	4	4	1	1	1	4	1	4	4	1	3	1	4	4	1	1	3	1	1	4	2	1	3	2	2	2	4	1	3	2	1	1	1	1	3	1	4	4	1	4	4	1	1	1	1	1	1	1	1	4	1	4	3	1	1	4	1	4	2	2	1	4	1	1	4	1	4	4	1	1	3	3	4	3	3	4	1	1	1	3	3	1	4	4	1	1	3	4	1	1	4	3	1	3	2	2	1	1	1	4	4	1	4	1	1	4	3	3	4	3	2	4	2	2	1	3	4	1	4	1	4	3	2	4	1	1	1	2	2	1	2	3	4	4	1	4	4	4	1	4	4	1	4	1	4	4	3	4	1	1	1	1	3	4	2	1	1	1	1	4	2	2	1	2	2	1	1	2	1	1	1	4	1	2	1	1	1	4	1	1	4	1	1	4	4	2	4	4	3	4	4	3	4	4	1	4	3	1	4	3	4	4	4	2	1	3	3	4	3	2	4	3	3	4	4	2	4	3	3	4	1	3	4	4	2	1	3	1	4	1	4	1	2	2	2	2	2	4	1	1	4	1	2	4
KM407075.1_nyssomyia_umbratilis_isolate_MM4N04	1	1	3	4	1	2	4	4	4	1	1	1	4	1	4	4	1	3	1	4	4	1	1	3	1	1	4	2	1	3	2	2	2	4	1	3	2	1	1	1	1	3	1	4	4	1	4	4	1	1	1	1	1	1	1	1	4	1	4	3	1	1	4	1	4	2	2	1	4	1	1	4	1	4	4	1	1	3	3	4	3	3	4	1	1	1	3	3	1	4	4	1	1	3	4	1	1	4	3	1	3	2	2	1	1	1	4	4	1	4	1	1	4	3	3	4	3	2	4	2	2	1	3	4	1	4	1	4	3	2	4	1	1	1	2	2	1	2	3	4	4	1	4	4	4	1	4	4	1	4	1	4	4	3	4	1	1	1	1	3	4	2	1	1	1	1	4	2	2	1	2	2	1	1	2	1	1	1	4	1	2	1	1	1	4	1	1	4	1	1	4	4	2	4	4	3	4	4	3	4	4	1	4	3	1	4	3	4	4	4	2	1	3	3	4	3	2	4	3	3	4	4	2	4	3	3	4	1	3	4	4	2	1	3	1	4	1	4	1	2	2	2	2	2	4	1	1	4	1	2	4
KM407076.1_nyssomyia_umbratilis_isolate_MM4N05	1	1	3	4	1	2	4	4	4	1	1	1	4	1	4	4	1	3	1	4	4	1	1	3	1	1	4	2	1	3	2	2	2	4	1	3	2	1	1	1	1	3	1	4	4	1	4	4	1	1	1	1	1	1	1	1	4	1	4	3	1	1	4	1	4	2	2	1	4	1	1	4	1	4	4	1	1	3	3	4	3	3	4	1	1	1	3	3	1	4	4	1	1	3	4	1	1	4	3	1	3	2	2	1	1	1	4	4	1	4	1	1	4	3	3	4	3	2	4	2	2	1	3	4	1	4	1	4	3	2	4	1	1	1	2	2	1	2	3	4	4	1	4	4	4	1	4	4	1	4	1	4	4	3	4	1	1	1	1	3	4	2	1	1	1	1	4	2	2	1	2	2	1	1	2	1	1	1	4	1	2	1	1	1	4	1	1	4	1	1	4	4	2	4	4	3	4	4	3	4	4	1	4	3	1	4	3	4	4	4	2	1	3	3	4	3	2	4	3	3	4	4	2	4	3	3	4	1	3	4	4	2	1	3	1	4	1	4	1	2	2	2	2	2	4	1	1	4	1	2	4
KM407077.1_nyssomyia_umbratilis_isolate_MM4N06	1	1	3	4	1	2	4	4	4	1	1	1	4	1	4	4	1	3	1	4	4	1	1	3	1	1	4	2	1	3	2	2	2	4	1	3	2	1	1	1	1	3	1	4	4	1	4	4	1	1	1	1	1	1	1	1	4	1	4	3	1	1	4	1	4	2	2	1	4	1	1	4	1	4	4	1	1	3	3	4	3	3	4	1	1	1	3	3	1	4	4	1	1	3	4	1	1	4	3	1	3	2	2	1	1	1	4	4	1	4	1	1	4	3	3	4	3	2	4	2	2	1	3	4	1	4	1	4	3	2	4	1	1	1	2	2	1	2	3	4	4	1	4	4	4	1	4	4	1	4	1	4	4	3	4	1	1	1	1	3	4	2	1	1	1	1	4	2	2	1	2	2	1	1	2	1	1	1	4	1	2	1	1	1	4	1	1	4	1	1	4	4	2	4	4	3	4	4	3	4	4	1	4	3	1	4	3	4	4	4	2	1	3	3	4	3	2	4	3	3	4	4	2	4	3	3	4	1	3	4	4	2	1	3	1	4	1	4	1	2	2	2	2	2	4	1	1	4	1	2	4
KM407078.1_nyssomyia_umbratilis_isolate_MM4N07	1	1	3	4	1	2	4	4	4	1	1	1	4	1	4	4	1	3	1	4	4	1	1	3	1	1	4	2	1	3	2	2	2	4	1	3	2	1	1	1	1	3	1	4	4	1	4	4	1	1	1	1	1	1	1	1	4	1	4	3	1	1	4	1	4	2	2	1	4	1	1	4	1	4	4	1	1	3	3	4	3	3	4	1	1	1	3	3	1	4	4	1	1	3	4	1	1	4	3	1	3	2	2	1	1	1	4	4	1	4	1	1	4	3	3	4	3	2	4	2	2	1	3	4	1	4	1	4	3	2	4	1	1	1	2	2	1	2	3	4	4	1	4	4	4	1	4	4	1	4	1	4	4	3	4	1	1	1	1	3	4	2	1	1	1	1	4	2	2	1	2	2	1	1	2	1	1	1	4	1	2	1	1	1	4	1	1	4	1	1	4	4	2	4	4	3	4	4	3	4	4	1	4	3	1	4	3	4	4	4	2	1	3	3	4	3	2	4	3	3	4	4	2	4	3	3	4	1	3	4	4	2	1	3	1	4	1	4	1	2	2	2	2	2	4	1	1	4	1	2	4
KM407079.1_nyssomyia_umbratilis_isolate_MM4N08	1	1	3	4	1	2	4	4	4	1	1	1	4	1	4	4	1	3	1	4	4	1	1	3	1	1	4	2	1	3	2	2	2	4	1	3	2	1	1	1	1	3	1	4	4	1	4	4	1	1	1	1	1	1	1	1	4	1	4	3	1	1	4	1	4	2	2	1	4	1	1	4	1	4	4	1	1	3	3	4	3	3	4	1	1	1	3	3	1	4	4	1	1	3	4	1	1	4	3	1	3	2	2	1	1	1	4	4	1	4	1	1	4	3	3	4	3	2	4	2	2	1	3	4	1	4	1	4	3	2	4	1	1	1	2	2	1	2	3	4	4	1	4	4	4	1	4	4	1	4	1	4	4	3	4	1	1	1	1	3	4	2	1	1	1	1	4	2	2	1	2	2	1	1	2	1	1	1	4	1	2	1	1	1	4	1	1	4	1	1	4	4	2	4	4	3	4	4	3	4	4	1	4	3	1	4	3	4	4	4	2	1	3	3	4	3	2	4	3	3	4	4	2	4	3	3	4	1	3	4	4	2	1	3	1	4	1	4	1	2	2	2	2	2	4	1	1	4	1	2	4
KM407080.1_nyssomyia_umbratilis_isolate_MM4N09	1	1	3	4	1	2	4	4	4	1	1	1	4	1	4	4	1	3	1	4	4	1	1	3	1	1	4	2	1	3	2	2	2	4	1	3	2	1	1	1	1	3	1	4	4	1	4	4	1	1	1	1	1	1	1	1	4	1	4	3	1	1	4	1	4	2	2	1	4	1	1	4	1	4	4	1	1	3	3	4	3	3	4	1	1	1	3	3	1	4	4	1	1	3	4	1	1	4	3	1	3	2	2	1	1	1	4	4	1	4	1	1	4	3	3	4	3	2	4	2	2	1	3	4	1	4	1	4	3	2	4	1	1	1	2	2	1	2	3	4	4	1	4	4	4	1	4	4	1	4	1	4	4	3	4	1	1	1	1	3	4	2	1	1	1	1	4	2	2	1	2	2	1	1	2	1	1	1	4	1	2	1	1	1	4	1	1	4	1	1	4	4	2	4	4	3	4	4	3	4	4	1	4	3	1	4	3	4	4	4	2	1	3	3	4	3	2	4	3	3	4	4	2	4	3	3	4	1	3	4	4	2	1	3	1	4	1	4	1	2	2	2	2	2	4	1	1	4	1	2	4
KM407081.1_nyssomyia_umbratilis_isolate_MM4N10	1	1	3	4	1	2	4	4	4	1	1	1	4	1	4	4	1	3	1	4	4	1	1	3	1	1	4	2	1	3	2	2	2	4	1	3	2	1	1	1	1	3	1	4	4	1	4	4	1	1	1	1	1	1	1	1	4	1	4	3	1	1	4	1	4	2	2	1	4	1	1	4	1	4	4	1	1	3	3	4	3	3	4	1	1	1	3	3	1	4	4	1	1	3	4	1	1	4	3	1	4	2	2	1	1	1	4	4	1	4	1	1	4	3	3	3	3	2	4	2	2	1	3	4	1	4	1	4	3	2	4	1	1	1	2	2	1	2	3	4	4	1	4	4	4	1	4	4	1	4	1	4	4	3	4	1	1	1	1	3	4	2	1	1	1	1	4	2	2	1	2	2	1	1	2	1	1	1	4	1	2	1	1	1	4	1	1	4	1	1	4	4	2	4	4	3	4	4	3	4	4	1	4	3	1	4	3	4	4	4	2	1	3	3	4	3	2	4	3	3	4	4	2	4	3	3	4	1	3	4	4	2	1	3	1	4	1	4	1	2	2	2	2	2	4	1	1	4	1	2	4
KM407082.1_nyssomyia_umbratilis_isolate_MM4N11	1	1	3	4	1	2	4	4	4	1	1	1	4	1	4	4	1	3	1	4	4	1	1	3	1	1	4	2	1	3	2	2	2	4	1	3	2	1	1	1	1	3	1	4	4	1	4	4	1	1	1	1	1	1	1	1	4	1	4	3	1	1	4	1	4	2	2	1	4	1	1	4	1	4	4	1	1	3	3	4	3	3	4	1	1	1	3	3	1	4	4	1	1	3	4	1	1	4	3	1	3	2	2	1	1	1	4	4	1	4	1	1	4	3	3	4	3	2	4	2	2	1	3	4	1	4	1	4	3	2	4	1	1	1	2	2	1	2	3	4	4	1	4	4	4	1	4	4	1	4	1	4	4	3	4	1	1	1	1	3	4	2	1	1	1	1	4	2	2	1	2	2	1	1	2	1	1	1	4	1	2	1	1	1	4	1	1	4	1	1	4	4	2	4	4	3	4	4	3	4	4	1	4	3	1	4	3	4	4	4	2	1	3	3	4	3	2	4	3	3	4	4	2	4	3	3	4	1	3	4	4	2	1	3	1	4	1	4	1	2	2	2	2	2	4	1	1	4	1	2	4
KM407083.1_nyssomyia_umbratilis_isolate_MM4N12	1	1	3	4	1	2	4	4	4	1	1	1	4	1	4	4	1	3	1	4	4	1	1	3	1	1	4	2	1	3	2	2	2	4	1	3	2	1	1	1	1	3	1	4	4	1	4	4	1	1	1	1	1	1	1	1	4	1	4	3	1	1	4	1	4	2	2	1	4	1	1	4	1	4	4	1	1	3	3	4	3	3	4	1	1	1	3	3	1	4	4	1	1	3	4	1	1	4	3	1	3	2	2	1	1	1	4	4	1	4	1	1	4	3	3	4	3	2	4	2	2	1	3	4	1	4	1	4	3	2	4	1	1	1	2	2	1	2	3	4	4	1	4	4	4	1	4	4	1	4	1	4	4	3	4	1	1	1	1	3	4	2	1	1	1	1	4	2	2	1	2	2	1	1	2	1	1	1	4	1	2	1	1	1	4	1	1	4	1	1	4	4	2	4	4	3	4	4	3	4	4	1	4	3	1	4	3	4	4	4	2	1	3	3	4	3	2	4	3	3	4	4	2	4	3	3	4	1	3	4	4	2	1	3	1	4	1	4	1	2	2	2	2	2	4	1	1	4	1	2	4
KM407084.1_nyssomyia_umbratilis_isolate_MM4N13	1	1	3	4	1	2	4	4	4	1	1	1	4	1	4	4	1	3	1	4	4	1	1	3	1	1	4	2	1	3	2	2	2	4	1	3	2	1	1	1	1	3	1	4	4	1	4	4	1	1	1	1	1	1	1	1	4	1	4	3	1	1	4	1	4	2	2	1	4	1	1	4	1	4	4	1	1	3	3	4	3	3	4	1	1	1	3	3	1	4	4	1	1	3	4	1	1	4	3	1	3	2	2	1	1	1	4	4	1	4	1	1	4	3	3	4	3	2	4	2	2	1	3	4	1	4	1	4	3	2	4	1	1	1	2	2	1	2	3	4	4	1	4	4	4	1	4	4	1	4	1	4	4	3	4	1	1	1	1	3	4	2	1	1	1	1	4	2	2	1	2	2	1	1	2	1	1	1	4	1	2	1	1	1	4	1	1	4	1	1	4	4	2	4	4	3	4	4	3	4	4	1	4	3	1	4	3	4	4	4	2	1	3	3	4	3	2	4	3	3	4	4	2	4	3	3	4	1	3	4	4	2	1	3	1	4	1	4	1	2	2	2	2	2	4	1	1	4	1	2	4
KM407085.1_nyssomyia_umbratilis_isolate_MM4N14	1	1	3	4	1	2	4	4	4	1	1	1	4	1	4	4	1	3	1	4	4	1	1	3	1	1	4	2	1	3	2	2	2	4	1	3	2	1	1	1	1	3	1	4	4	1	4	4	1	1	1	1	1	1	1	1	4	1	4	3	1	1	4	1	4	2	2	1	4	1	1	4	1	4	4	1	1	3	3	4	3	3	4	1	1	1	3	3	1	4	4	1	1	3	4	1	1	4	3	1	3	2	2	1	1	1	4	4	1	4	1	1	4	3	3	4	3	2	4	2	2	1	3	4	1	4	1	4	3	2	4	1	1	1	2	2	1	2	3	4	4	1	4	4	4	1	4	4	1	4	1	4	4	3	4	1	1	1	1	3	4	2	1	1	1	1	4	2	2	1	2	2	1	1	2	1	1	1	4	1	2	1	1	1	4	1	1	4	1	1	4	4	2	4	4	3	4	4	3	4	4	1	4	3	1	1	3	4	4	4	2	1	3	3	4	3	2	4	3	3	4	4	2	4	3	3	4	1	3	4	4	2	1	3	1	4	1	4	1	2	2	2	2	2	4	1	1	4	1	2	4
KM407086.1_nyssomyia_umbratilis_isolate_MM4N16	1	1	3	4	1	2	4	4	4	1	1	1	4	1	4	4	1	3	1	4	4	1	1	3	1	1	4	2	1	3	2	2	2	4	1	3	2	1	1	1	1	3	1	4	4	1	4	4	1	1	1	1	1	1	1	1	4	1	4	3	1	1	4	3	3	2	2	4	4	4	1	4	1	4	4	1	1	3	3	4	3	3	4	1	1	1	3	3	1	4	4	1	1	3	4	1	1	4	3	1	3	2	2	1	1	1	4	4	1	4	1	1	4	3	3	4	3	2	4	2	2	1	3	4	1	4	1	4	3	2	4	1	1	1	2	2	1	2	3	4	4	1	4	4	4	1	4	4	1	4	1	4	4	3	4	1	1	1	1	3	4	2	1	1	1	1	4	2	2	1	2	2	1	1	2	1	1	1	4	1	2	1	1	1	4	1	1	4	1	1	4	4	2	4	4	3	4	4	3	4	4	1	4	3	1	4	3	4	4	4	2	1	3	3	4	3	2	4	3	3	4	4	2	4	3	3	4	1	3	4	4	2	1	3	1	4	1	4	1	2	2	2	2	2	4	1	1	4	1	2	4
KM407087.1_nyssomyia_umbratilis_isolate_MM4N17	1	1	3	4	1	2	4	4	4	1	1	1	4	1	4	4	1	3	1	4	4	1	1	3	1	1	4	2	1	3	2	2	2	4	1	3	2	1	1	1	1	3	1	4	4	1	4	4	1	1	1	1	1	1	1	1	4	1	4	3	1	1	4	1	4	2	2	1	4	1	1	4	1	4	4	1	1	3	3	4	3	3	4	1	1	1	3	3	1	4	4	1	1	3	4	1	1	4	3	1	3	2	2	1	1	1	4	4	1	4	1	1	4	3	3	4	3	2	4	2	2	1	3	4	1	4	1	4	3	2	4	1	1	1	2	2	1	2	3	4	4	1	4	4	4	1	4	4	1	4	1	4	4	3	4	1	1	1	1	3	4	2	1	1	1	1	4	2	2	1	2	2	1	1	2	1	1	1	4	1	2	1	1	1	4	1	1	4	1	1	4	4	2	4	4	3	4	4	3	4	4	1	4	3	1	4	3	4	4	4	2	1	3	3	4	3	2	4	3	3	4	4	2	4	3	3	4	1	3	4	4	2	1	3	1	4	1	4	1	2	2	2	2	2	4	1	1	4	1	2	4
KM407088.1_nyssomyia_umbratilis_isolate_MM4N18	1	1	3	4	1	2	4	4	4	1	1	1	4	1	4	4	1	3	1	4	4	1	1	3	1	1	4	2	1	3	2	2	2	4	1	3	2	1	1	1	1	3	1	4	4	1	4	4	1	1	1	1	1	1	1	1	4	1	4	3	1	1	4	1	4	2	2	1	4	1	1	4	1	4	4	1	1	3	3	4	3	3	4	1	1	1	3	3	1	4	4	1	1	3	4	1	1	4	3	1	3	2	2	1	1	1	4	4	1	4	1	1	4	3	3	4	3	2	4	2	2	1	3	4	1	4	1	4	3	2	4	1	1	1	2	2	1	2	3	4	4	1	4	4	4	1	4	4	1	4	1	4	4	3	4	1	1	1	1	3	4	2	1	1	1	1	4	2	2	1	2	2	1	1	2	1	1	1	4	1	2	1	1	1	4	1	1	4	1	1	4	4	2	4	4	3	4	4	3	4	4	1	4	3	1	4	3	4	4	4	2	1	3	3	4	3	2	4	3	3	4	4	2	4	3	3	4	1	3	4	4	2	1	3	1	4	1	4	1	2	2	2	2	2	4	1	1	4	1	2	4
KM407089.1_nyssomyia_umbratilis_isolate_MM4N19	1	1	3	4	1	2	4	4	4	1	1	1	4	1	4	4	1	3	1	4	4	1	1	3	1	1	4	2	1	3	2	2	2	4	1	3	2	1	1	1	1	3	1	4	4	1	4	4	1	1	1	1	1	1	1	1	4	1	4	3	1	1	4	1	4	2	2	1	4	1	1	4	1	4	4	1	1	3	3	4	3	3	4	1	1	1	3	3	1	4	4	1	1	3	4	1	1	4	3	1	3	2	2	1	1	1	4	4	1	4	1	1	4	3	3	4	3	2	4	2	2	1	3	4	1	4	1	4	3	2	4	1	1	1	2	2	1	2	3	4	4	1	4	4	4	1	4	4	1	4	1	4	4	3	4	1	1	1	1	3	4	2	1	1	1	1	4	2	2	1	2	2	1	1	2	1	1	1	4	1	2	1	1	1	4	1	1	4	1	1	4	4	2	4	4	3	4	4	3	4	4	1	4	3	1	4	3	4	4	4	2	1	3	3	4	3	2	4	3	3	4	4	2	4	3	3	4	1	3	4	4	2	1	3	1	4	1	4	1	2	2	2	2	2	4	1	1	4	1	2	4
KM407090.1_nyssomyia_umbratilis_isolate_MM4N20	1	1	3	4	1	2	4	4	4	1	1	1	4	1	4	4	1	3	1	4	4	1	1	3	1	1	4	2	1	3	2	2	2	4	1	3	2	1	1	1	1	3	1	4	4	1	4	4	1	1	1	1	1	1	1	1	4	1	4	3	1	1	4	1	4	2	2	1	4	1	1	4	1	4	4	1	1	3	3	4	3	3	4	1	1	1	3	3	1	4	4	1	1	3	4	1	1	4	3	1	3	2	2	1	1	1	4	4	1	4	1	1	4	3	3	4	3	2	4	2	2	1	3	4	1	4	1	4	3	2	4	1	1	1	2	2	1	2	3	4	4	1	4	4	4	1	4	4	1	4	1	4	4	3	4	1	1	1	1	3	4	2	1	1	1	1	4	2	2	1	2	2	1	1	2	1	1	1	4	1	2	1	1	1	4	1	1	4	1	1	4	4	2	4	4	3	4	4	3	4	4	1	4	3	1	4	3	4	4	4	2	1	3	3	4	3	2	4	3	3	4	4	2	4	3	3	4	1	3	4	4	2	1	3	1	4	1	4	1	2	2	2	2	2	4	1	1	4	1	2	4
KM407091.1_nyssomyia_umbratilis_isolate_MM4N21	1	1	3	4	1	2	4	4	4	1	1	1	4	1	4	4	1	3	1	4	4	1	1	3	1	1	4	2	1	3	2	2	2	4	1	3	2	1	1	1	1	3	1	4	4	1	4	4	1	1	1	1	1	1	1	1	4	1	4	3	1	1	4	1	4	2	2	1	4	1	1	4	1	4	4	1	1	3	3	4	3	3	4	1	1	1	3	3	1	4	4	1	1	3	4	1	1	4	3	1	3	2	2	1	1	1	4	4	1	4	1	1	4	3	3	4	3	2	4	2	2	1	3	4	1	4	1	4	3	2	4	1	1	1	2	2	1	2	3	4	4	1	4	4	4	1	4	4	1	4	1	4	4	3	4	1	1	1	1	3	4	2	1	1	1	1	4	2	2	1	2	2	1	1	2	1	1	1	4	1	2	1	1	1	4	1	1	4	1	1	4	4	2	4	4	3	4	4	3	4	4	1	4	3	1	4	3	4	4	4	2	1	3	3	4	3	2	4	3	3	4	4	2	4	3	3	4	1	3	4	4	2	1	3	1	4	1	4	1	2	2	2	2	2	4	1	1	4	1	2	4
KM407092.1_nyssomyia_umbratilis_isolate_MM4N22	1	1	3	4	1	2	4	4	4	1	1	1	4	1	4	4	1	3	1	4	4	1	1	3	1	1	4	2	1	3	2	2	2	4	1	3	2	1	1	1	1	3	1	4	4	1	4	4	1	1	1	1	1	1	1	1	4	1	4	3	1	1	4	1	4	2	2	1	4	1	1	4	1	4	4	1	1	3	3	4	3	3	4	1	1	1	3	3	1	4	4	1	1	3	4	1	1	4	3	1	3	2	2	1	1	1	4	4	1	4	1	1	4	3	3	4	3	2	4	2	2	1	3	4	1	4	1	4	3	2	4	1	1	1	2	2	1	2	3	4	4	1	4	4	4	1	4	4	1	4	1	4	4	3	4	1	1	1	1	3	4	2	1	1	1	1	4	2	2	1	2	2	1	1	2	1	1	1	4	1	2	1	1	1	4	1	1	4	1	1	4	4	2	4	4	3	4	4	3	4	4	1	4	3	1	4	3	4	4	4	2	1	3	3	4	3	2	4	3	3	4	4	2	4	3	3	4	1	3	4	4	2	1	3	1	4	1	4	2	2	2	2	2	2	4	1	1	4	1	2	4
KM407093.1_nyssomyia_umbratilis_isolate_MM4N23	1	1	3	4	1	2	4	4	4	1	1	1	4	1	4	4	1	3	1	4	4	1	1	3	1	1	4	2	1	3	2	2	2	4	1	3	2	1	1	1	1	3	1	4	4	1	4	4	1	1	1	1	1	1	1	1	4	1	4	3	1	1	4	1	4	2	2	1	4	1	1	4	1	4	4	1	1	3	3	4	3	3	4	1	1	1	3	3	1	4	4	1	1	3	4	1	1	4	3	1	3	2	2	1	1	1	4	4	1	4	1	1	4	3	3	4	3	2	4	2	2	1	3	4	1	4	1	4	3	2	4	1	1	1	2	2	1	2	3	4	4	1	4	4	4	1	4	4	1	4	1	4	4	3	4	1	1	1	1	3	4	2	1	1	1	1	4	2	2	1	2	2	1	1	2	1	1	1	4	1	2	1	1	1	4	1	1	4	1	1	4	4	2	4	4	3	4	4	3	4	4	1	4	3	1	4	3	4	4	4	2	1	3	3	4	3	2	4	3	3	4	4	2	4	3	3	4	1	3	4	4	2	1	3	1	4	1	4	1	2	2	2	2	2	4	1	1	4	1	2	4
KM407094.1_nyssomyia_umbratilis_isolate_MM4N24	1	1	3	4	1	2	4	4	4	1	1	1	4	1	4	4	1	3	1	4	4	1	1	3	1	1	4	2	1	3	2	2	2	4	1	3	2	1	1	1	1	3	1	4	4	1	4	4	1	1	1	1	1	1	1	1	4	1	4	3	1	1	4	1	4	2	2	1	4	1	1	4	1	4	4	1	1	3	3	4	3	3	4	1	1	1	3	3	1	4	4	1	1	3	4	1	1	4	3	1	3	2	2	1	1	1	4	4	1	4	1	1	4	3	3	4	3	2	4	2	2	1	3	4	1	4	1	4	3	2	4	1	1	1	2	2	1	2	3	4	4	1	4	4	4	1	4	4	1	4	1	4	4	3	4	1	1	1	1	3	4	2	1	1	1	1	4	2	2	1	2	2	1	1	2	1	1	1	4	1	2	1	1	1	4	1	1	4	1	1	4	4	2	4	4	3	4	4	3	4	4	1	4	3	1	4	3	4	4	4	2	1	3	3	4	3	2	4	3	3	4	4	2	4	3	3	4	1	3	4	4	2	1	3	1	4	1	4	1	2	2	2	2	2	4	1	1	4	1	2	4
KM407095.1_nyssomyia_umbratilis_isolate_MM4N26	1	1	3	4	1	2	4	4	4	1	1	1	4	1	4	4	1	3	1	4	4	1	1	3	1	1	4	2	1	3	2	2	2	4	1	3	2	1	1	1	1	3	1	4	4	1	4	4	1	1	1	1	1	1	1	1	4	1	4	3	1	1	4	1	4	2	2	1	4	1	1	4	1	4	4	1	1	3	3	4	3	3	4	1	1	1	3	3	1	4	4	1	1	3	4	1	1	4	3	1	4	2	2	1	1	1	4	4	1	4	1	1	4	3	3	3	3	2	4	2	2	1	3	4	1	4	1	4	3	2	4	1	1	1	2	2	1	2	3	4	4	1	4	4	4	1	4	4	1	4	1	4	4	3	4	1	1	1	1	3	4	2	1	1	1	1	4	2	2	1	2	2	1	1	2	1	1	1	4	1	2	1	1	1	4	1	1	4	1	1	4	4	2	4	4	3	4	4	3	4	4	1	4	3	1	4	3	4	4	4	2	1	3	3	4	3	2	4	3	3	4	4	2	4	3	3	4	1	3	4	4	2	1	3	1	4	1	4	1	2	2	2	2	2	4	1	1	4	1	2	4
KM407096.1_nyssomyia_umbratilis_isolate_MM4N27	1	1	3	4	1	2	4	4	4	1	1	1	4	1	4	4	1	3	1	4	4	1	1	3	1	1	4	2	1	3	2	2	2	4	1	3	2	1	1	1	1	3	1	4	4	1	4	4	1	1	1	1	1	1	1	1	4	1	4	3	1	1	4	1	4	2	2	1	4	1	1	4	1	4	4	1	1	3	3	4	3	3	4	1	1	1	3	3	1	4	4	1	1	3	4	1	1	4	3	1	4	2	2	1	1	1	4	4	1	4	1	1	4	3	3	3	3	2	4	2	2	1	3	4	1	4	1	4	3	2	4	1	1	1	2	2	1	2	3	4	4	1	4	4	4	1	4	4	1	4	1	4	4	3	4	1	1	1	1	3	4	2	1	1	1	1	4	2	2	1	2	2	1	1	2	1	1	1	4	1	2	1	1	1	4	1	1	4	1	1	4	4	2	4	4	3	4	4	3	4	4	1	4	3	1	4	3	4	4	4	2	1	3	3	4	3	2	4	3	3	4	4	2	4	3	3	4	1	3	4	4	2	1	3	1	4	1	4	1	2	2	2	2	2	4	1	1	4	1	2	4
KM407097.1_nyssomyia_umbratilis_isolate_MM4N28	1	1	3	4	1	2	4	4	4	1	1	1	4	1	4	4	1	3	1	4	4	1	1	3	1	1	4	2	1	3	2	2	2	4	1	3	2	1	1	1	1	3	1	4	4	1	4	4	1	1	1	1	1	1	1	1	4	1	4	3	1	1	4	1	4	2	2	1	4	1	1	4	1	4	4	1	1	3	3	4	3	3	4	1	1	1	3	3	1	4	4	1	1	3	4	1	1	4	3	1	4	2	2	1	1	1	4	4	1	4	1	1	4	3	3	3	3	2	4	2	2	1	3	4	1	4	1	4	3	2	4	1	1	1	2	2	1	2	3	4	4	1	4	4	4	1	4	4	1	4	1	4	4	3	4	1	1	1	1	3	4	2	1	1	1	1	4	2	2	1	2	2	1	1	2	1	1	1	4	1	2	1	1	1	4	1	1	4	1	1	4	4	2	4	4	3	4	4	3	4	4	1	4	3	1	4	3	4	4	4	2	1	3	3	4	3	2	4	3	3	4	4	2	4	3	3	4	1	3	4	4	2	1	3	1	4	1	4	1	2	2	2	2	2	4	1	1	4	1	2	4
KM407098.1_nyssomyia_umbratilis_isolate_MRIP15	2	1	3	4	1	2	4	4	4	1	1	1	4	1	4	4	1	3	1	4	4	1	1	3	1	1	4	2	1	3	2	2	2	4	1	3	2	1	1	1	1	3	1	4	4	1	4	4	1	1	1	1	1	1	1	1	4	1	4	3	1	1	4	1	4	2	2	1	4	1	1	4	1	4	4	1	1	3	3	4	3	3	4	1	1	1	3	3	1	4	4	1	1	3	4	1	1	4	3	1	2	2	2	1	1	1	4	4	1	4	1	1	4	3	3	4	3	2	4	2	2	1	3	4	2	4	1	4	3	2	4	1	1	1	2	2	1	2	3	4	4	1	4	4	4	1	4	4	1	4	1	4	4	3	4	1	1	1	1	3	4	2	1	1	1	1	4	2	2	1	2	2	1	1	2	1	1	1	4	1	2	1	1	1	4	1	1	4	1	1	4	4	2	4	4	3	4	4	3	4	4	1	4	3	1	4	3	4	4	4	2	1	3	3	4	3	2	4	3	3	4	4	2	4	3	3	2	1	3	4	4	2	1	3	1	4	1	4	2	2	2	1	2	2	4	1	1	4	1	2	4
KM407099.1_nyssomyia_umbratilis_isolate_MRIP16	2	1	3	4	1	2	4	4	4	1	1	1	4	1	4	4	1	3	1	4	4	1	1	3	1	1	4	2	1	3	2	2	2	4	1	3	2	1	1	1	1	3	1	4	4	1	4	4	1	1	1	1	1	1	1	1	4	1	4	3	1	1	4	1	4	2	2	1	4	1	1	4	1	4	4	1	1	3	3	4	3	3	4	1	1	1	3	3	1	4	4	1	1	3	4	1	1	4	3	1	2	2	2	1	1	1	4	4	1	4	1	1	4	3	3	4	3	2	4	2	2	1	3	4	2	4	1	4	3	2	4	1	1	1	2	2	1	2	3	4	4	1	4	4	4	1	4	4	1	4	1	4	4	3	4	1	1	1	1	3	4	2	1	1	1	1	4	2	2	1	2	2	1	1	2	1	1	1	4	1	2	1	1	1	4	1	1	4	1	1	4	4	2	4	4	3	4	4	3	4	4	1	4	3	1	4	3	4	4	4	2	1	3	3	4	3	2	4	3	3	4	4	2	4	3	3	2	1	3	4	4	2	1	3	1	4	1	4	2	2	2	1	2	2	4	1	1	4	1	2	4
KM407100.1_nyssomyia_umbratilis_isolate_MRIP17	2	1	3	4	1	2	4	4	4	1	1	1	4	1	4	4	1	3	1	4	4	1	1	3	1	1	4	2	1	3	2	2	2	4	1	3	2	1	1	1	1	3	1	4	4	1	4	4	1	1	1	1	1	1	1	1	4	1	4	3	1	1	4	1	4	2	2	1	4	1	1	4	1	4	4	1	1	3	3	4	3	3	3	1	1	1	3	3	1	4	4	1	1	3	4	1	1	4	3	1	2	2	2	1	1	1	4	4	1	4	1	1	4	3	3	4	3	2	3	2	2	1	3	4	1	4	1	4	3	2	4	1	1	1	2	2	1	2	3	4	4	1	4	4	4	1	4	4	1	4	1	4	4	3	4	1	1	1	1	3	4	2	1	1	1	1	4	2	2	1	2	2	1	1	2	1	1	1	4	1	2	1	1	1	4	2	1	4	1	1	4	4	2	4	4	3	4	4	3	4	4	1	4	3	1	4	3	4	4	4	2	1	3	3	4	3	2	4	3	3	4	4	2	4	3	3	2	1	3	4	4	2	1	3	1	4	1	4	2	2	2	1	2	2	4	1	1	4	1	2	4
KM407101.1_nyssomyia_umbratilis_isolate_MRIP19	2	1	3	4	1	2	4	4	4	1	1	1	4	1	4	4	1	3	1	4	4	1	1	3	1	1	4	2	1	3	2	2	2	4	1	3	2	1	1	1	1	3	1	4	4	1	4	4	1	1	1	1	1	1	1	1	4	1	4	3	1	1	4	1	4	2	2	1	4	1	1	4	1	4	4	1	1	3	3	3	3	3	4	1	1	1	3	3	1	4	4	1	1	3	4	1	1	4	3	1	2	2	2	1	1	1	4	4	1	4	1	1	4	3	3	3	3	2	3	2	2	1	3	4	1	4	1	4	3	2	4	1	1	1	2	2	1	2	3	4	4	1	4	4	4	1	4	4	1	4	1	4	4	3	4	1	1	1	1	3	4	2	1	1	1	1	4	2	2	1	2	2	1	1	2	1	1	1	4	1	2	1	1	1	4	1	1	4	1	1	4	4	2	4	4	3	4	4	3	4	4	1	4	3	1	4	3	4	4	4	2	1	3	3	4	3	2	4	3	3	4	4	2	4	3	3	2	1	3	4	4	2	1	3	1	4	1	4	2	2	2	1	2	2	4	1	1	4	1	2	4
KM407102.1_nyssomyia_umbratilis_isolate_MRIP20	2	1	3	4	1	2	4	4	4	1	1	1	4	1	4	4	1	3	1	4	4	1	1	3	1	1	4	2	1	3	2	2	2	4	1	3	2	1	1	1	1	3	1	4	4	1	4	4	1	1	1	1	1	1	1	1	4	1	4	3	1	1	4	1	4	2	2	1	4	1	1	4	1	4	4	1	1	3	3	4	3	3	4	1	1	1	3	3	1	4	4	1	1	3	4	1	1	4	3	1	2	2	2	1	1	1	4	4	1	4	1	1	4	3	3	4	3	2	4	2	2	1	3	4	1	4	1	4	3	2	4	1	1	1	2	2	1	2	3	4	4	1	4	4	4	1	4	4	1	4	1	4	4	3	4	1	1	1	1	3	4	2	1	1	1	1	4	2	2	1	2	2	1	1	2	1	1	1	4	1	2	1	1	1	4	1	1	4	1	1	4	4	2	4	4	3	4	4	3	4	4	1	4	3	1	4	3	4	4	4	2	1	3	3	4	3	2	4	3	3	4	4	2	4	3	3	2	1	3	4	4	2	1	3	1	4	1	4	2	2	2	1	2	2	4	1	1	4	1	2	4
KM407103.1_nyssomyia_umbratilis_isolate_MRIP21	2	1	3	4	1	2	4	4	4	1	1	1	4	1	4	4	1	3	1	4	4	1	1	3	1	1	4	2	1	3	2	2	2	4	1	3	2	1	1	1	1	3	1	4	4	1	4	4	1	1	1	1	1	1	1	1	4	1	4	3	1	1	4	1	4	2	2	1	4	1	1	4	1	4	4	1	1	3	3	4	3	3	4	1	1	1	3	3	1	4	4	1	1	3	4	1	1	4	3	1	2	2	2	1	1	1	4	4	1	4	1	1	4	3	3	4	3	2	4	2	2	1	3	4	1	4	1	4	3	2	4	1	1	1	2	2	1	2	3	4	4	1	4	4	4	1	4	4	1	4	1	4	4	3	4	1	1	1	1	3	4	2	1	1	1	1	4	2	2	1	2	2	1	1	2	1	1	1	4	1	2	1	1	1	4	1	1	4	1	1	4	4	2	4	4	3	4	4	3	4	4	1	4	3	1	4	3	4	4	4	2	1	3	3	4	3	2	4	3	3	4	4	2	4	3	3	2	1	3	4	4	2	1	3	1	4	1	4	2	2	2	1	2	2	4	1	1	4	1	2	4
KM407104.1_nyssomyia_umbratilis_isolate_MRIP22	2	1	3	4	1	2	4	4	4	1	1	1	4	1	4	4	1	3	1	4	4	1	1	3	1	1	4	2	1	3	2	2	2	4	1	3	2	1	1	1	1	3	1	4	4	1	4	4	1	1	1	1	1	1	1	1	4	1	4	3	1	1	4	1	4	2	2	1	4	1	1	4	1	4	4	1	1	3	3	4	3	3	4	1	1	1	3	3	1	4	4	1	1	3	4	1	1	4	3	1	2	2	2	1	1	1	4	4	1	4	1	1	4	3	3	4	3	2	4	2	2	1	3	4	2	4	1	4	3	2	4	1	1	1	2	2	1	2	3	4	4	1	4	4	4	1	4	4	1	4	1	4	4	3	4	1	1	1	1	3	4	2	1	1	1	1	4	2	2	1	2	2	1	1	2	1	1	1	4	1	2	1	1	1	4	1	1	4	1	1	4	4	2	4	4	3	4	4	3	4	4	1	4	3	1	4	3	4	4	4	2	1	3	3	4	3	2	4	3	3	4	4	2	4	3	3	2	1	3	4	4	2	1	3	1	4	1	4	2	2	2	1	2	2	4	1	1	4	1	2	4
KM407105.1_nyssomyia_umbratilis_isolate_MRIP23	2	1	3	4	1	2	4	4	4	1	1	1	4	1	4	4	1	3	1	4	4	1	1	3	1	1	4	2	1	3	2	2	2	4	1	3	2	1	1	1	1	3	1	4	4	1	4	4	1	1	1	1	1	1	1	1	4	1	4	3	1	1	4	1	4	2	2	1	4	1	1	4	1	4	4	1	1	3	3	4	3	3	4	1	1	1	3	3	1	4	4	1	1	3	4	1	1	4	3	1	2	2	2	1	1	1	4	4	1	4	1	1	4	3	3	4	3	2	4	2	2	1	3	4	1	4	1	4	3	2	4	1	1	1	2	2	1	2	3	4	4	1	4	4	4	1	4	4	1	4	1	4	4	3	4	1	1	1	1	3	4	2	1	1	1	1	4	2	2	1	2	2	1	1	2	1	1	1	4	1	2	1	1	1	4	1	1	4	1	1	4	4	2	4	4	3	4	4	3	4	4	1	4	3	1	4	3	4	4	4	2	1	3	3	4	3	2	4	3	3	4	4	2	4	3	3	2	1	3	4	4	2	1	3	1	4	1	4	2	2	2	1	2	2	4	1	1	4	1	2	4
KM407106.1_nyssomyia_umbratilis_isolate_MRIP24	2	1	3	4	1	2	4	4	4	1	1	1	4	1	4	4	1	3	1	4	4	1	1	3	1	1	4	2	1	3	2	2	2	4	1	3	2	1	1	1	1	3	1	4	4	1	4	4	1	1	1	1	1	1	1	1	4	1	4	3	1	1	4	1	4	2	2	1	4	1	1	4	1	4	4	1	1	3	3	4	3	3	4	1	1	1	3	3	1	4	4	1	1	3	4	1	1	4	3	1	2	2	2	1	1	1	4	4	1	4	1	1	4	3	3	4	3	2	4	2	2	1	3	4	1	4	1	4	3	2	4	1	1	1	2	2	1	2	3	4	4	1	4	4	4	1	4	4	1	4	1	4	4	3	4	1	1	1	1	3	4	2	1	1	1	1	4	2	2	1	2	2	1	1	2	1	1	1	4	1	2	1	1	1	4	1	1	4	1	1	4	4	2	4	4	3	4	4	3	4	4	1	4	3	1	4	3	4	4	4	2	1	3	3	4	3	2	4	3	3	4	4	2	4	3	3	2	1	3	4	4	2	1	3	1	4	1	4	2	2	2	1	2	2	4	1	1	4	1	2	4
KM407107.1_nyssomyia_umbratilis_isolate_MRIP25	2	1	3	4	1	2	4	4	4	1	1	1	4	1	4	4	1	3	1	4	4	1	1	3	1	1	4	2	1	3	2	2	2	4	1	3	2	1	1	1	1	3	1	4	4	1	4	4	1	1	1	1	1	1	1	1	4	1	4	3	1	1	4	1	4	2	2	1	4	1	1	4	1	4	4	1	1	3	3	4	3	3	4	1	1	1	3	3	1	4	4	1	1	3	4	1	1	4	3	1	2	2	2	1	1	1	4	4	1	4	1	1	4	3	3	4	3	2	4	2	2	1	3	4	2	4	1	4	3	2	4	1	1	1	2	2	1	2	3	4	4	1	4	4	4	1	4	4	1	4	1	4	4	3	4	1	1	1	1	3	4	2	1	1	1	1	4	2	2	1	2	2	1	1	2	1	1	1	4	1	2	1	1	1	4	1	1	4	1	1	4	4	2	4	4	3	4	4	3	4	4	1	4	3	1	4	3	4	4	4	2	1	3	3	4	3	2	4	3	3	4	4	2	4	3	3	2	1	3	4	4	2	1	3	1	4	1	4	2	2	2	1	2	2	4	1	1	4	1	2	4
KM407108.1_nyssomyia_umbratilis_isolate_MRIP26	2	1	3	4	1	2	4	4	4	1	1	1	4	1	4	4	1	3	1	4	4	1	1	3	1	1	4	2	1	3	2	2	2	4	1	3	2	1	1	1	1	3	1	4	4	1	4	4	1	1	1	1	1	1	1	1	4	1	4	3	1	1	4	1	4	2	2	1	4	1	1	4	1	4	4	1	1	3	3	4	3	3	4	1	1	1	3	3	1	4	4	1	1	3	4	1	1	4	3	1	2	2	2	1	1	1	4	4	1	4	1	1	4	3	3	4	3	2	4	2	2	1	3	4	1	4	1	4	3	2	4	1	1	1	2	2	1	2	3	4	4	1	4	4	4	1	4	4	1	4	1	4	4	3	4	1	1	1	1	3	4	2	1	1	1	1	4	2	2	1	2	2	1	1	2	1	1	1	4	1	2	1	1	1	4	1	1	4	1	1	4	4	2	4	4	3	4	4	3	4	4	1	4	3	1	4	3	4	4	4	2	1	3	3	4	3	2	4	3	3	4	4	2	4	3	3	2	1	3	4	4	2	1	3	1	4	1	4	2	2	2	1	2	2	4	1	1	4	1	2	4
KM407109.1_nyssomyia_umbratilis_isolate_MRIP27	2	1	3	4	1	2	4	4	4	1	1	1	4	1	4	4	1	3	1	4	4	1	1	3	1	1	4	2	1	3	2	2	2	4	1	3	2	1	1	1	1	3	1	4	4	1	4	4	1	1	1	1	1	1	1	1	4	1	4	3	1	1	4	1	4	2	2	1	4	1	1	4	1	4	4	1	1	3	3	4	3	3	4	1	1	1	3	3	1	4	4	1	1	3	4	1	1	4	3	1	2	2	2	1	1	1	4	4	1	4	2	1	4	3	3	4	3	2	4	2	2	1	3	4	1	4	1	4	3	2	4	1	1	1	2	2	1	2	3	4	4	1	4	4	4	1	4	4	1	4	1	4	4	3	4	1	1	1	1	3	4	2	1	1	1	1	4	2	2	1	2	2	1	1	2	1	1	1	4	1	2	1	1	1	4	1	1	4	1	1	4	4	2	4	4	3	4	4	3	4	4	1	4	3	1	4	3	4	4	4	2	1	3	3	4	3	2	4	3	3	4	4	2	4	3	3	2	1	3	4	4	2	1	3	1	4	1	4	2	2	2	1	2	2	4	1	1	4	1	2	4
KM407110.1_nyssomyia_umbratilis_isolate_MRIP28	2	1	3	4	1	2	4	4	4	1	1	1	4	1	4	4	1	3	1	4	4	1	1	3	1	1	4	2	1	3	2	2	2	4	1	3	2	1	1	1	1	3	1	4	4	1	4	4	1	1	1	1	1	1	1	1	4	1	4	3	1	1	4	1	4	2	2	1	4	1	1	4	1	4	4	1	1	3	3	4	3	3	4	1	1	1	3	3	1	4	4	1	1	3	4	1	1	4	3	1	2	2	2	1	1	1	4	4	1	4	1	1	4	3	3	4	3	2	3	2	2	1	3	4	1	4	1	4	3	2	4	1	1	1	2	2	1	2	3	4	4	1	4	4	4	1	4	4	1	4	1	4	4	3	4	1	1	1	1	3	4	2	1	1	1	1	4	2	2	1	2	2	1	1	2	1	1	1	4	1	2	1	1	1	4	1	1	4	1	1	4	4	2	4	4	3	4	4	3	4	4	1	4	3	1	4	3	4	4	4	2	1	3	3	4	3	2	4	3	3	4	4	2	4	3	3	2	1	3	4	4	2	1	3	1	4	1	4	1	2	2	1	2	2	4	1	1	4	1	2	4
KM407111.1_nyssomyia_umbratilis_isolate_MRIP29	2	1	3	4	1	2	4	4	4	1	1	1	4	1	4	4	1	3	1	4	4	1	1	3	1	1	4	2	1	3	2	2	2	4	1	3	2	1	1	1	1	3	1	4	4	1	4	4	1	1	1	1	1	1	1	1	4	1	4	3	1	1	4	1	4	2	2	1	4	1	1	4	1	4	4	1	1	3	3	4	3	3	4	1	1	1	3	3	1	4	4	1	1	3	4	1	1	4	3	1	2	2	2	1	1	1	4	4	1	4	1	1	4	3	3	4	3	2	3	2	2	1	3	4	1	4	1	4	3	2	4	1	1	1	2	2	1	2	3	4	4	1	4	4	4	1	4	4	1	4	1	4	4	3	4	1	1	1	1	3	4	2	1	1	1	1	4	2	2	1	2	2	1	1	2	1	1	1	4	1	2	1	1	1	4	1	1	4	1	1	4	4	2	4	4	3	4	4	3	4	4	1	4	3	1	4	3	4	4	4	2	1	3	3	4	3	2	4	3	3	4	4	2	4	3	3	2	1	3	4	4	2	1	3	1	4	1	4	2	2	2	1	2	2	4	1	1	4	1	2	4
KM407112.1_nyssomyia_umbratilis_isolate_MRIP30	2	1	3	4	1	2	4	4	4	1	1	1	4	1	4	4	1	3	1	4	4	1	1	3	1	1	4	2	1	3	2	2	2	4	1	3	2	1	1	1	1	3	1	4	4	1	4	4	1	1	1	1	1	1	1	1	4	1	4	3	1	1	4	1	4	2	2	1	4	1	1	4	1	4	4	1	1	3	3	4	3	3	4	1	1	1	3	3	1	4	4	1	1	3	4	1	1	4	3	1	2	2	2	1	1	1	4	4	1	4	1	1	4	3	3	4	3	2	3	2	2	1	3	4	1	4	1	4	3	2	4	1	1	1	2	2	1	2	3	4	4	1	4	4	4	1	4	4	1	4	1	4	4	3	4	1	1	1	1	3	4	2	1	1	1	1	4	2	2	1	2	2	1	1	2	1	1	1	4	1	2	1	1	1	4	1	1	4	1	1	4	4	2	4	4	3	4	4	3	4	4	1	4	3	1	4	3	4	4	4	2	1	3	3	4	3	2	4	3	3	4	4	2	4	3	3	2	1	3	4	4	2	1	3	1	4	1	4	2	2	2	1	2	2	4	1	1	4	1	2	4
KM407113.1_nyssomyia_umbratilis_isolate_MRE203	3	1	3	4	1	2	4	4	4	1	1	1	4	1	4	4	1	3	1	4	4	1	1	3	1	1	4	2	1	3	2	2	2	4	1	3	2	1	1	1	1	3	1	4	4	1	4	4	1	1	1	1	1	1	1	1	4	1	4	3	1	1	4	1	4	2	2	1	4	1	1	4	1	4	4	1	1	3	3	4	3	3	4	1	1	1	3	3	1	4	4	1	1	3	4	1	1	4	3	1	2	2	2	1	1	1	4	4	1	4	1	1	4	3	3	4	3	2	3	2	2	1	3	4	1	4	1	4	3	2	4	1	1	1	2	2	1	2	3	4	4	1	4	4	4	1	4	4	1	4	1	4	4	3	4	1	1	1	1	3	4	2	1	1	1	1	4	2	2	1	2	2	1	1	2	1	1	1	4	1	2	1	1	1	4	1	1	4	1	1	4	4	2	4	4	3	4	4	3	4	4	1	4	3	1	4	3	4	4	4	2	1	3	3	3	3	2	4	3	3	4	4	2	4	3	3	2	1	3	4	4	2	1	3	1	4	1	4	2	2	2	1	2	2	4	1	1	4	1	2	4
KM407114.1_nyssomyia_umbratilis_isolate_MRE206	3	1	3	4	1	2	4	4	4	1	1	1	4	1	4	4	1	3	1	4	4	1	1	3	1	1	4	2	1	3	2	2	2	4	1	3	2	1	1	1	1	3	1	4	4	1	4	4	1	1	1	1	1	1	1	1	4	1	4	3	1	1	4	1	4	2	2	1	4	1	1	4	1	4	4	1	2	3	3	4	3	3	4	1	1	1	3	3	1	4	4	1	1	3	4	1	1	4	3	1	2	2	2	1	1	1	4	4	1	4	1	1	4	3	3	4	3	2	3	2	2	1	3	4	1	4	1	4	3	2	4	1	1	1	2	2	1	2	3	4	4	1	4	4	4	1	4	4	1	4	1	4	4	3	4	1	1	1	1	3	4	2	1	1	1	1	4	2	2	1	2	2	1	1	2	1	1	1	4	1	2	1	1	1	4	1	1	4	1	1	4	4	2	4	4	3	4	4	3	4	4	1	4	3	1	4	3	4	4	4	2	1	3	3	4	3	2	4	3	3	4	4	2	4	3	3	2	1	3	4	4	2	1	3	1	4	1	4	2	2	2	2	2	2	4	1	1	4	1	2	4
KM407115.1_nyssomyia_umbratilis_isolate_MRE207	3	1	3	4	1	2	4	4	4	1	1	1	4	1	4	4	1	3	1	4	4	1	1	3	1	1	4	2	1	3	2	2	2	4	1	3	2	1	1	1	1	3	1	4	4	1	4	4	1	1	1	1	1	1	1	1	4	1	4	3	1	1	4	1	4	2	2	1	4	1	1	4	1	4	4	1	1	3	3	4	3	3	4	1	1	1	3	3	1	4	4	1	1	3	4	1	1	4	3	1	2	2	2	1	2	1	4	4	1	4	1	1	4	3	3	4	3	2	4	2	2	1	3	4	1	4	1	4	3	2	4	1	1	1	2	2	1	2	3	4	4	1	4	4	4	1	4	4	1	4	1	4	4	3	4	1	1	1	1	3	4	2	1	1	1	1	4	2	2	1	2	2	1	1	2	1	1	1	4	1	2	1	1	1	4	1	1	4	1	1	4	4	2	4	4	3	4	4	3	4	4	1	4	3	1	4	3	4	4	4	2	1	3	3	4	3	2	4	3	3	4	4	2	4	3	3	2	1	3	4	4	2	1	3	1	4	1	4	2	2	2	1	2	2	4	1	1	4	1	2	4
KM407116.1_nyssomyia_umbratilis_isolate_MRE210	3	1	3	4	1	2	4	4	4	1	1	1	4	1	4	4	1	3	1	4	4	1	1	3	1	1	4	2	1	3	2	2	2	4	1	3	2	1	1	1	1	3	1	4	4	1	4	4	1	1	1	1	1	1	1	1	4	1	4	3	1	1	4	1	4	2	2	1	4	1	1	4	1	4	4	1	1	3	3	4	3	3	4	1	1	1	3	3	1	4	4	1	1	3	4	1	1	4	3	1	2	2	2	1	1	1	4	4	1	4	1	1	4	3	3	4	3	2	3	2	2	1	3	4	1	4	1	4	3	2	4	1	1	1	2	2	1	2	3	4	4	1	4	4	4	1	4	4	1	4	1	4	4	3	4	1	1	1	1	3	4	2	1	1	1	1	4	2	2	1	2	2	1	1	2	1	1	1	4	1	2	1	1	1	4	1	1	4	1	1	4	4	2	4	4	3	4	4	3	4	4	1	4	3	1	4	3	4	4	4	2	1	3	3	4	3	2	4	3	3	4	4	2	4	3	3	2	1	3	4	4	2	1	3	1	4	1	4	2	2	2	1	2	2	4	1	1	4	1	2	4
KM407117.1_nyssomyia_umbratilis_isolate_MRE211	3	1	3	4	1	2	4	4	4	1	1	1	4	1	4	4	1	3	1	4	4	1	1	3	1	1	4	2	1	3	2	2	2	4	1	3	2	1	1	1	1	3	1	4	4	1	4	4	1	1	1	1	1	1	1	1	4	1	4	3	1	1	4	1	4	2	2	1	4	1	1	4	1	4	4	1	1	3	3	4	3	3	4	1	1	1	3	3	1	4	4	1	1	3	4	1	1	4	3	1	2	2	2	1	1	1	4	4	1	4	1	1	4	3	3	4	3	2	3	2	2	1	3	4	1	4	1	4	3	2	4	1	1	1	2	2	1	2	3	4	4	1	4	4	4	1	4	4	1	4	1	4	4	3	4	1	1	1	1	3	4	2	1	1	1	1	4	2	2	1	2	2	1	1	2	1	1	1	4	1	2	1	1	1	4	1	1	4	1	1	4	4	2	4	4	3	4	4	3	4	4	1	4	3	1	4	3	4	4	4	2	1	3	3	4	3	2	4	3	3	4	4	2	4	3	3	2	1	3	4	4	2	1	3	1	4	1	4	2	2	2	1	2	2	4	1	1	4	1	2	4
KM407118.1_nyssomyia_umbratilis_isolate_MRE212	3	1	3	4	1	2	4	4	4	1	1	1	4	1	4	4	1	3	1	4	4	1	1	3	1	1	4	2	1	3	2	2	2	4	1	3	2	1	1	1	1	3	1	4	4	1	4	4	1	1	1	1	1	1	1	1	4	1	4	3	1	1	4	1	4	2	2	1	4	1	1	4	1	4	4	1	1	3	3	4	3	3	4	1	1	1	3	3	1	4	4	1	1	3	4	1	1	4	3	1	2	2	2	1	1	1	4	4	1	4	1	1	4	3	3	4	3	2	4	2	2	1	3	4	1	4	1	4	3	2	4	1	1	1	2	2	2	2	3	4	4	1	4	4	4	1	4	4	1	4	1	4	4	3	4	1	1	1	1	3	4	2	1	1	1	1	4	2	2	1	2	2	1	1	2	1	1	1	4	1	2	1	1	1	4	1	1	4	1	1	4	4	2	4	4	3	4	4	3	4	4	1	4	3	1	4	3	4	4	4	2	1	3	3	4	3	2	4	3	3	4	4	2	4	3	3	2	1	3	4	4	2	1	3	1	4	1	4	2	2	2	1	2	2	4	1	1	4	1	2	4
KM407119.1_nyssomyia_umbratilis_isolate_MRE213	3	1	3	4	1	2	4	4	4	1	1	1	4	1	4	4	1	3	1	4	4	1	1	3	1	1	4	2	1	3	2	2	2	4	1	3	2	1	1	1	1	3	1	4	4	1	4	4	1	1	1	1	1	1	1	1	4	1	4	3	1	1	4	1	4	2	2	1	4	1	1	4	1	4	4	1	1	3	3	4	3	3	4	1	1	1	3	3	1	4	4	1	1	3	4	1	1	4	3	1	2	2	2	1	1	1	4	4	1	4	1	1	4	3	3	4	3	2	4	2	2	1	3	4	1	4	1	4	3	2	4	1	1	1	2	2	1	2	3	4	4	1	4	4	4	1	4	4	1	4	1	4	4	3	4	1	1	1	1	3	4	2	1	1	1	1	4	2	2	1	2	2	1	1	2	1	1	1	4	1	2	1	1	1	4	1	1	4	1	1	4	4	2	4	4	3	4	4	3	4	4	1	4	3	1	4	3	4	4	4	2	1	3	3	4	3	2	4	3	3	4	4	2	4	3	3	2	1	3	4	4	2	1	3	1	4	1	4	2	2	2	1	2	2	4	1	1	4	1	2	4
KM407120.1_nyssomyia_umbratilis_isolate_MRE214	3	1	3	4	1	2	4	4	4	1	1	1	4	1	4	4	1	3	1	4	4	1	1	3	1	1	4	2	1	3	2	2	2	4	1	3	2	1	1	1	1	3	1	4	4	1	4	4	1	1	1	1	1	1	1	1	4	1	4	3	1	1	4	1	4	2	2	1	4	1	1	4	1	4	4	1	1	3	3	4	3	3	4	1	1	1	3	3	1	4	4	1	1	3	4	1	1	4	3	1	2	2	2	1	1	1	4	4	1	4	1	1	4	3	3	4	3	2	3	2	2	1	3	4	1	4	1	4	3	2	4	1	1	1	2	2	1	2	3	4	4	1	4	4	4	1	4	4	1	4	1	4	4	3	4	1	1	1	1	3	4	2	1	1	1	1	4	2	2	1	2	2	1	1	2	1	1	1	4	1	2	1	1	1	4	1	1	4	1	1	4	4	2	4	4	3	4	4	3	4	4	1	4	3	1	4	3	4	4	4	2	1	3	3	4	3	2	4	3	3	4	4	2	4	3	3	2	1	3	4	4	2	1	3	1	4	1	4	2	2	2	2	2	2	4	1	1	4	1	2	4
KM407121.1_nyssomyia_umbratilis_isolate_MRE216	3	1	3	4	1	2	4	4	4	1	1	1	4	1	4	4	1	3	1	4	4	1	1	3	1	1	4	2	1	3	2	2	2	4	1	3	2	1	1	1	1	3	1	4	4	1	4	4	1	1	1	1	1	1	1	1	4	1	4	3	1	1	4	1	4	2	2	1	4	1	1	4	1	4	4	1	1	3	3	4	3	3	4	1	1	1	3	3	1	4	4	1	1	3	4	1	1	4	3	1	2	2	2	1	1	1	4	4	1	4	1	1	4	3	3	4	3	2	3	2	2	1	3	4	1	4	1	4	3	2	4	1	1	1	2	2	1	2	3	4	4	1	4	4	4	1	4	4	1	4	1	4	4	3	4	1	1	1	1	3	4	2	1	1	1	1	4	2	2	1	2	2	1	1	2	1	1	1	4	1	2	1	1	1	4	1	1	4	1	1	4	4	2	4	4	3	4	4	3	4	4	1	4	3	1	4	3	4	4	4	2	1	3	3	4	3	2	4	3	3	4	4	2	4	3	3	2	1	3	4	4	2	1	3	1	4	1	4	2	2	2	1	2	2	4	1	1	4	1	2	4
KM407122.1_nyssomyia_umbratilis_isolate_MRE218	3	1	3	4	1	2	4	4	4	1	1	1	4	1	4	4	1	3	1	4	4	1	1	3	1	1	4	2	1	3	2	2	2	4	1	3	2	1	1	1	1	3	1	4	4	1	4	4	1	1	1	1	1	1	1	1	4	1	4	3	1	1	4	1	4	2	2	1	4	1	1	4	1	4	4	1	1	3	3	4	3	3	4	1	1	1	3	3	1	4	4	1	1	3	4	1	1	4	3	1	2	2	2	1	1	1	4	4	1	4	2	1	4	3	3	4	3	2	4	2	2	1	3	4	1	4	1	4	3	2	4	1	1	1	2	2	1	2	3	4	4	1	4	4	4	1	4	4	1	4	1	4	4	3	4	1	1	1	1	3	4	2	1	1	1	1	4	2	2	1	2	2	1	1	2	1	1	1	4	1	2	1	1	1	4	1	1	4	1	1	4	4	2	4	4	3	4	4	3	4	4	1	4	3	1	4	3	4	4	4	2	1	3	3	4	3	2	4	3	3	4	4	2	4	3	3	2	1	3	4	4	2	1	3	1	4	1	4	2	2	2	1	2	2	4	1	1	4	1	2	4
KM407123.1_nyssomyia_umbratilis_isolate_MRE219	3	1	3	4	1	2	4	4	4	1	1	1	4	1	4	4	1	3	1	4	4	1	1	3	1	1	4	2	1	3	2	2	2	4	1	3	2	1	1	1	1	3	1	4	4	1	4	4	1	1	1	1	1	1	1	1	4	1	4	3	1	1	4	1	4	2	2	1	4	1	1	4	1	4	4	1	1	3	3	4	3	3	4	1	1	1	3	3	1	4	4	1	1	3	4	1	1	4	3	1	2	2	2	1	1	1	4	4	1	4	1	1	4	3	3	4	3	2	3	2	2	1	3	4	1	4	1	4	3	2	4	1	1	1	2	2	1	2	3	4	4	1	4	4	4	1	4	4	1	4	1	4	4	3	4	1	1	1	1	3	4	2	1	1	1	1	4	2	2	1	2	2	1	1	2	1	1	1	4	1	2	1	1	1	4	1	1	4	1	1	4	4	2	4	4	3	4	4	3	4	4	1	4	3	1	4	3	4	4	4	2	1	3	3	4	3	2	4	3	3	4	4	2	4	3	3	2	1	3	4	4	2	1	3	1	4	1	4	2	2	2	2	2	2	4	1	1	4	1	2	4
KM407124.1_nyssomyia_umbratilis_isolate_MRE220	3	1	3	4	1	2	4	4	4	1	1	1	4	1	4	4	1	3	1	4	4	1	1	3	1	1	4	2	1	3	2	2	2	4	1	3	2	1	1	1	1	3	1	4	4	1	4	4	1	1	1	1	1	1	1	1	4	1	4	3	1	1	4	1	4	2	2	1	4	1	1	4	1	4	4	1	1	3	3	4	3	3	4	1	1	1	3	3	1	4	4	1	1	3	4	1	1	4	3	1	2	2	2	1	1	1	4	4	1	4	1	1	4	3	3	4	3	2	3	2	2	1	3	4	1	4	1	4	3	2	4	1	1	1	2	2	1	2	3	4	4	1	4	4	4	1	4	4	1	4	1	4	4	3	4	1	1	1	1	3	4	2	1	1	1	1	4	2	2	1	2	2	1	1	2	1	1	1	4	1	2	1	1	1	4	1	1	4	1	1	4	4	2	4	4	3	4	4	3	4	4	1	4	3	1	4	3	4	4	4	2	1	3	3	4	3	2	4	3	3	4	4	2	4	3	3	2	1	3	4	4	2	1	3	1	4	1	4	2	2	2	1	2	2	4	1	1	4	1	2	4
KM407125.1_nyssomyia_umbratilis_isolate_MRE221	3	1	3	4	1	2	4	4	4	1	1	1	4	1	4	4	1	3	1	4	4	1	1	3	1	1	4	2	1	3	2	2	2	4	1	3	2	1	1	1	1	3	1	4	4	1	4	4	1	1	1	1	1	1	1	1	4	1	4	3	1	1	4	1	4	2	2	1	4	1	1	4	1	4	4	1	1	3	3	4	3	3	4	1	1	1	3	3	1	4	4	1	1	3	4	1	1	4	3	1	2	2	2	1	1	1	4	4	1	4	1	1	4	3	3	4	3	2	3	2	2	1	3	4	1	4	1	4	3	2	4	1	1	1	2	2	1	2	3	4	4	1	4	4	4	1	4	4	1	4	1	4	4	3	4	1	1	1	1	3	4	2	1	1	1	1	4	2	2	1	2	2	1	1	2	1	1	1	4	1	2	1	1	1	4	1	1	4	1	1	4	4	2	4	4	3	4	4	3	4	4	1	4	3	1	4	3	4	4	4	2	1	3	3	4	3	2	4	3	3	4	4	2	4	3	3	2	1	3	4	4	2	1	3	1	4	1	4	2	2	2	2	2	2	4	1	1	4	1	2	4
KM407126.1_nyssomyia_umbratilis_isolate_MRE222	3	1	3	4	1	2	4	4	4	1	1	1	4	1	4	4	1	3	1	4	4	1	1	3	1	1	4	2	1	3	2	2	2	4	1	3	2	1	1	1	1	3	1	4	4	1	4	4	1	1	1	1	1	1	1	1	4	1	4	3	1	1	4	1	4	2	2	1	4	1	1	4	1	4	4	1	1	3	3	4	3	3	4	1	1	1	3	3	1	4	4	1	1	3	4	1	1	4	3	1	2	2	2	1	1	1	4	4	1	4	1	1	4	3	3	4	3	2	4	2	2	1	3	4	1	4	1	4	3	2	4	1	1	1	2	2	1	2	3	4	4	1	4	4	4	1	4	4	1	4	1	4	4	3	4	1	1	1	1	3	4	2	1	1	1	1	4	2	2	1	2	2	1	1	2	1	1	1	4	1	2	1	1	1	4	1	1	4	1	1	4	4	2	4	4	3	4	4	3	4	4	1	4	3	1	4	3	4	4	4	2	1	3	3	4	3	2	4	3	3	4	4	2	4	3	3	2	1	3	4	4	2	1	3	1	4	1	4	2	2	2	1	2	2	4	1	1	4	1	2	4
KM407127.1_nyssomyia_umbratilis_isolate_MRE223	3	1	3	4	1	2	4	4	4	1	1	1	4	1	4	4	1	3	1	4	4	1	1	3	1	1	4	2	1	3	2	2	2	4	1	3	2	1	1	1	1	3	1	4	4	1	4	4	1	1	1	1	1	1	1	1	4	1	4	3	1	1	4	1	4	2	2	1	4	1	1	4	1	4	4	1	1	3	3	4	3	3	4	1	1	1	3	3	1	4	4	1	1	3	4	1	1	4	3	1	2	2	2	1	1	1	4	4	1	4	1	1	4	3	3	4	3	2	4	2	2	1	3	4	1	4	1	4	3	2	4	1	1	1	2	2	1	2	3	4	4	1	4	4	4	1	4	4	1	4	1	4	4	3	4	1	1	1	1	3	4	2	1	1	1	1	4	2	2	1	2	2	1	1	2	1	1	1	4	1	2	1	1	1	4	1	1	4	1	1	4	4	2	4	4	3	4	4	3	4	4	1	4	3	1	4	3	4	4	4	2	1	3	3	3	3	2	4	3	3	4	4	2	4	3	3	2	1	3	4	4	2	1	3	1	4	1	4	2	2	2	1	2	2	4	1	1	4	1	2	4
KM407128.1_nyssomyia_umbratilis_isolate_MRE224	3	1	3	4	1	2	4	4	4	1	1	1	4	1	4	4	1	3	1	4	4	1	1	3	1	1	4	2	1	3	2	2	2	4	1	3	2	1	1	1	1	3	1	4	4	1	4	4	1	1	1	1	1	1	1	1	4	1	4	3	1	1	4	1	4	2	2	1	4	1	1	4	1	4	4	1	1	3	3	4	3	3	4	1	1	1	3	3	1	4	4	1	1	3	4	1	1	4	3	1	2	2	2	1	1	1	4	4	1	4	1	1	4	3	3	4	3	2	3	2	2	1	3	4	1	4	1	4	3	2	4	1	1	1	2	2	1	2	3	4	4	1	4	4	4	1	4	4	1	4	1	4	4	3	4	1	1	1	1	3	4	2	1	1	1	1	4	2	2	1	2	2	1	1	2	1	1	1	4	1	2	1	1	1	4	1	1	4	1	1	4	4	2	4	4	3	4	4	3	4	4	1	4	3	1	4	3	4	4	4	2	1	3	3	4	3	2	4	3	3	4	4	2	4	3	3	2	1	3	4	4	2	1	3	1	4	1	4	2	2	2	1	2	2	4	1	1	4	1	2	4
KM407129.1_nyssomyia_umbratilis_isolate_MRE225	3	1	3	4	1	2	4	4	4	1	1	1	4	1	4	4	1	3	1	4	4	1	1	3	1	1	4	2	1	3	2	2	2	4	1	3	2	1	1	1	1	3	1	4	4	1	4	4	1	1	1	1	1	1	1	1	4	1	4	3	1	1	4	1	4	2	2	1	4	1	1	4	1	4	4	1	1	3	3	4	3	3	4	1	1	1	3	3	1	4	4	1	1	3	4	1	1	4	3	1	2	2	2	1	1	1	4	4	1	4	1	1	4	3	3	4	3	2	3	2	2	1	3	4	1	4	1	4	3	2	4	1	1	1	2	2	1	2	3	4	4	1	4	4	4	1	4	4	1	4	1	4	4	3	4	1	1	1	1	3	4	2	1	1	1	1	4	2	2	1	2	2	1	1	2	1	1	1	4	1	2	1	1	1	4	1	1	4	1	1	4	4	2	4	4	3	4	4	3	4	4	1	4	3	1	4	3	4	4	4	2	1	3	3	4	3	2	4	3	3	4	4	2	4	3	3	2	1	3	4	4	2	1	3	1	4	1	4	1	2	2	1	2	2	4	1	1	4	1	2	4
KM407130.1_nyssomyia_umbratilis_isolate_MRE226	3	1	3	4	1	2	4	4	4	1	1	1	4	1	4	4	1	3	1	4	4	1	1	3	1	1	4	2	1	3	2	2	2	4	1	3	2	1	1	1	1	3	1	4	4	1	4	4	1	1	1	1	1	1	1	1	4	1	4	3	1	1	4	1	4	2	2	1	4	1	1	4	1	4	4	1	1	3	3	4	3	3	4	1	1	1	3	3	1	4	4	1	1	3	4	1	1	4	3	1	2	2	2	1	1	1	4	4	1	4	1	1	4	3	3	4	3	2	4	2	2	1	3	4	1	4	1	4	3	2	4	1	1	1	2	2	2	2	3	4	4	1	4	4	4	1	4	4	1	4	1	4	4	3	4	1	1	1	1	3	4	2	1	1	1	1	4	2	2	1	2	2	1	1	2	1	1	1	4	1	2	1	1	1	3	1	1	4	1	1	4	4	2	4	4	3	4	4	3	4	4	1	4	3	1	4	3	4	4	4	2	1	3	3	4	3	2	4	3	3	4	4	2	4	3	3	2	1	3	4	4	2	1	3	1	4	1	4	2	2	2	1	2	2	4	1	1	4	1	2	4
KM407131.1_nyssomyia_umbratilis_isolate_MRE227	3	1	3	4	1	2	4	4	4	1	1	1	4	1	4	4	1	3	1	4	4	1	1	3	1	1	4	2	1	3	2	2	2	4	1	3	2	1	1	1	1	3	1	4	4	1	4	4	1	1	1	1	1	1	1	1	4	1	4	3	1	1	4	1	4	2	2	1	4	1	1	4	1	4	4	1	1	3	3	4	3	3	4	1	1	1	3	3	1	4	4	1	1	3	4	1	1	4	3	1	2	2	2	1	1	1	4	4	1	4	1	1	4	3	3	4	3	2	4	2	2	1	3	4	1	4	1	4	3	2	4	1	1	1	2	2	1	2	3	4	4	1	4	4	4	1	4	4	1	4	1	4	4	3	4	1	1	1	1	3	4	2	1	1	1	1	4	2	2	2	2	2	1	1	2	1	1	1	4	1	2	1	1	1	4	1	1	4	1	1	4	4	2	4	4	3	4	4	3	4	4	1	4	3	1	4	3	4	4	4	2	1	3	3	4	3	2	4	3	3	4	4	2	4	3	3	2	1	3	4	4	2	1	3	1	4	1	4	2	2	2	1	2	2	4	1	1	4	1	2	4
KM407132.1_nyssomyia_umbratilis_isolate_MRE228	3	1	3	4	1	2	4	4	4	1	1	1	4	1	4	4	1	3	1	4	4	1	1	3	1	1	4	2	1	3	2	2	2	4	1	3	2	1	1	1	1	3	1	4	4	1	4	4	1	1	1	1	1	1	1	1	4	1	4	3	1	1	4	1	4	2	2	1	4	1	1	4	1	4	4	1	1	3	3	4	3	3	4	1	1	1	3	3	1	4	4	1	1	3	4	1	1	4	3	1	2	2	2	1	1	1	4	4	1	4	1	1	4	3	3	4	3	2	3	2	2	1	3	4	1	4	1	4	3	2	4	1	1	1	2	2	1	2	3	4	4	1	4	4	4	1	4	4	1	4	1	4	4	3	4	1	1	1	1	3	4	2	1	1	1	1	4	2	2	1	2	2	1	1	2	1	1	1	4	1	2	1	1	1	4	1	1	4	1	1	4	4	2	4	4	3	4	4	3	4	4	1	4	3	1	4	3	4	4	4	2	1	3	3	4	3	2	4	3	3	4	4	2	4	3	3	2	1	3	4	4	2	1	3	1	4	1	4	2	2	2	2	2	2	4	1	1	4	1	2	4
KM407133.1_nyssomyia_umbratilis_isolate_MRE229	3	1	3	4	1	2	4	4	4	1	1	1	4	1	4	4	1	3	1	4	4	1	1	3	1	1	4	2	1	3	2	2	2	4	1	3	2	1	1	1	1	3	1	4	4	1	4	4	1	1	1	1	1	1	1	1	4	1	4	3	1	1	4	1	4	2	2	1	4	1	1	4	1	4	4	1	1	3	3	4	3	3	4	1	1	1	3	3	1	4	4	1	1	3	4	1	1	4	3	1	2	2	2	1	1	1	4	4	1	4	1	1	4	3	3	4	3	2	3	2	2	1	3	4	1	4	1	4	3	2	4	1	1	1	2	2	1	2	3	4	4	1	4	4	4	1	4	4	1	4	1	4	4	3	4	1	1	1	1	3	4	2	1	1	1	1	4	2	2	1	2	2	1	1	2	1	1	1	4	1	2	1	1	1	4	1	1	4	1	1	4	4	2	4	4	3	4	4	3	4	4	1	4	3	1	4	3	4	4	4	2	1	3	3	4	3	2	4	3	3	4	4	2	4	3	3	2	1	3	4	4	2	1	3	1	4	1	4	2	2	2	1	2	2	4	1	1	4	1	2	4
KM407134.1_nyssomyia_umbratilis_isolate_MRE230	3	1	3	4	1	2	4	4	4	1	1	1	4	1	4	4	1	3	1	4	4	1	1	3	1	1	4	2	1	3	2	2	2	4	1	3	2	1	1	1	1	3	1	4	4	1	4	4	1	1	1	1	1	1	1	1	4	1	4	3	1	1	4	1	4	2	2	1	4	1	1	4	1	4	4	1	1	3	3	4	3	3	4	1	1	1	3	3	1	4	4	1	1	3	4	1	1	4	3	1	2	2	2	1	1	1	4	4	1	4	1	1	4	3	3	4	3	2	4	2	2	1	3	4	1	4	1	4	3	2	4	1	1	1	2	2	1	2	3	4	4	1	4	4	4	1	4	4	1	4	1	4	4	3	4	1	1	1	1	3	4	2	1	1	1	1	4	2	2	1	2	2	1	1	2	1	1	1	4	1	2	1	1	1	4	1	1	4	1	1	4	4	2	4	4	3	4	4	3	4	4	1	4	3	1	4	3	4	4	4	2	1	3	3	4	3	2	4	3	3	4	4	2	4	3	3	2	1	3	4	4	2	1	3	1	4	1	4	2	2	2	1	2	2	4	1	1	4	1	2	4
KM407135.1_nyssomyia_umbratilis_isolate_MRE232	3	1	3	4	1	2	4	4	4	1	1	1	4	1	4	4	1	3	1	4	4	1	1	3	1	1	4	2	1	3	2	2	2	4	1	3	2	1	1	1	1	3	1	4	4	1	4	4	1	1	1	1	1	1	1	1	4	1	4	3	1	1	4	1	4	2	2	1	4	1	1	4	1	4	4	1	1	3	3	4	3	3	4	1	1	1	3	3	1	4	4	1	1	3	4	1	1	4	3	1	2	2	2	1	1	1	4	4	1	4	1	1	4	3	3	4	3	2	3	2	2	1	3	4	1	4	1	4	3	2	4	1	1	1	2	2	1	2	3	4	4	1	4	4	4	1	4	4	1	4	1	4	4	3	4	1	1	1	1	3	4	2	1	1	1	1	4	2	2	1	2	2	1	1	2	1	1	1	4	1	2	1	1	1	4	1	1	4	1	1	4	4	2	4	4	3	4	4	3	4	4	1	4	3	1	4	3	4	4	4	2	1	3	3	4	3	2	4	3	3	4	4	2	4	3	3	2	1	3	4	4	2	1	3	1	4	1	4	2	2	2	1	2	2	4	1	1	4	1	2	4
KM407136.1_nyssomyia_umbratilis_isolate_MRE233	3	1	3	4	1	2	4	4	4	1	1	1	4	1	4	4	1	3	1	4	4	1	1	3	1	1	4	2	1	3	2	2	2	4	1	3	2	1	1	1	1	3	1	4	4	1	4	4	1	1	1	1	1	1	1	1	4	1	4	3	1	1	4	1	4	2	2	1	4	1	1	4	1	4	4	1	1	3	3	4	3	3	4	1	1	1	3	3	1	4	4	1	1	3	4	1	1	4	3	1	2	2	2	1	1	1	4	4	1	4	1	1	4	3	3	4	3	2	4	2	2	1	3	4	1	4	1	4	3	2	4	1	1	1	2	2	2	2	3	4	4	1	4	4	4	1	4	4	1	4	1	4	4	3	4	1	1	1	1	3	4	2	1	1	1	1	4	2	2	1	2	2	1	1	2	1	1	1	4	1	2	1	1	1	4	1	1	4	1	1	4	4	2	4	4	3	4	4	3	4	4	1	4	3	1	4	3	4	4	4	2	1	3	3	4	3	2	4	3	3	4	4	2	4	3	3	2	1	3	4	4	2	1	3	1	4	1	4	2	2	2	1	2	2	4	1	1	4	1	2	4
KM407137.1_nyssomyia_umbratilis_isolate_MRE234	3	1	3	4	1	2	4	4	4	1	1	1	4	1	4	4	1	3	1	4	4	1	1	3	1	1	4	2	1	3	2	2	2	4	1	3	2	1	1	1	1	3	1	4	4	1	4	4	1	1	1	1	1	1	1	1	4	1	4	3	1	1	4	1	4	2	2	1	4	1	1	4	1	4	4	1	1	3	3	4	3	3	4	1	1	1	3	3	1	4	4	1	1	3	4	1	1	4	3	1	2	2	2	1	1	1	4	4	1	4	1	1	4	3	3	4	3	2	4	2	2	1	3	4	1	4	1	4	3	2	4	1	1	1	2	2	1	2	3	4	4	1	4	4	4	1	4	4	1	4	1	4	4	3	4	1	1	1	1	3	4	2	1	1	1	1	4	2	2	1	2	2	1	1	2	1	1	1	4	1	2	1	1	1	4	1	1	4	1	1	4	4	2	4	4	3	4	4	3	4	4	1	4	3	1	4	3	4	4	4	2	1	3	3	4	3	2	4	3	3	4	4	2	4	3	3	2	1	3	4	4	2	1	3	1	4	1	4	2	2	2	1	2	2	4	1	1	4	1	2	4
